   3.5819390060197885E-097   103614126710.50833     
   1.4199031891970302E-096   163983123236.13748     
   1.7914499207925179E-096   177193505307.99048     
   2.2819604828435427E-096   192080059691.06851     
   2.3712963781929103E-098   41915519665.246826     
   1.6834736085525054E-097   80559175562.979065     
   9.4657417960923190E-097   143251043244.89914     
   1.5823730444541013E-096   170013157921.15152     
   2.1091290666859995E-096   187102946939.42511     
   2.1890877344074177E-096   189438086410.19937     
   5.1225102409687287E-098   54184348264.179909     
   4.1004662282729913E-097   108390359154.85233     
   1.3716237092681579E-096   162103068836.48874     
   1.9549395199976127E-096   182427658655.20309     
   1.7127547936184957E-098   37607803826.620552     
   1.1725337762224314E-096   153846644889.18286     
   1.9727611487789113E-096   182980331905.75986     
   3.2299258890071495E-098   46463340253.453560     
   1.2396032939216702E-096   156725795450.49640     
   1.9491222742652246E-096   182246530992.03259     
   7.0232483424387846E-098   60194791892.922440     
   1.2322674530484506E-096   156416021360.51559     
   1.9224456868890695E-096   181411272019.64038     
   1.2920525446937416E-097   73757519165.703964     
   1.2190779850173821E-096   155855956598.26260     
   1.9448844687065444E-096   182114354271.17969     
   2.2399805218916345E-097   88605563015.631989     
   1.2624023366052886E-096   157680808749.45566     
   1.9969868443037364E-096   183726292024.07260     
   3.2547887578020535E-097   100358426766.91400     
   1.3595547265500375E-096   161626216585.22623     
   6.2984683882759331E-105   269437409.01778901     
   9.3950401128428601E-097   142893493829.13309     
   1.8423527373488197E-096   178856133047.29507     
   5.1245371393574452E-097   116752034490.08855     
   1.5966158395283957E-096   170521726063.64703     
   3.4314170178906869E-098   47410085930.922813     
   1.2344329079094904E-096   156507590665.30460     
   1.9662286505474426E-096   182778138058.52011     
   8.2303604508082812E-097   136726446733.55907     
   1.7451157650421288E-096   175652494947.16168     
   3.8614910074708034E-097   106242411098.45987     
   1.4677601165798880E-096   165805119653.71460     
   6.8388259879553116E-099   27693218141.700935     
   1.0449088359866843E-096   148049078801.59314     
   1.8489197392264087E-096   179068389862.36212     
   6.8998357984092946E-097   128921641754.29536     
   1.5044626124195571E-096   167175786620.75632     
   2.5733775211066915E-097   92799878985.614151     
   1.4012200789780886E-096   163260714516.71817     
   1.1092187764365668E-097   70100101435.678818     
   1.3319736928780399E-096   160525780925.02005     
   3.0683330497180786E-098   45675194795.656715     
   1.2725799905987613E-096   158103422872.07855     
   6.3072144839141199E-100   12511962733.594847     
   1.1468330529844922E-096   152714277786.25757     
   1.8615805490808883E-096   179476194750.95950     
   8.8210223159150581E-097   139921960789.18439     
   1.7659089402132451E-096   176347379558.53772     
   6.6188812484943177E-097   127147484362.24982     
   1.6887872308323584E-096   173741895141.24026     
   5.9194436805144185E-097   122501067480.88107     
   1.6275810287680840E-096   171617056376.98691     
   5.2367370027549800E-097   117597971386.63498     
   1.4921383619071979E-096   166718044456.94135     
   4.6001109095558128E-097   112625226257.36296     
   1.4305383150542650E-096   164391518455.16544     
   4.7277985770448074E-097   113657796156.87402     
   1.5015364381711668E-096   167067330844.91425     
   4.7873033456260944E-097   114132647427.09492     
   1.5252248226883092E-096   167941307657.03214     
   4.8409292004392228E-097   114557225270.57872     
   1.5368134567065199E-096   168365573407.16904     
   4.8862475549790152E-097   114913591321.63016     
   1.5469496961379429E-096   168734921083.33865     
   4.9252569163436139E-097   115218585365.98599     
   1.5530392214229509E-096   168956038001.24600     
   4.9491593940840901E-097   115404671532.55688     
   1.5531804656886284E-096   168961159861.18173     
   4.9588544826818329E-097   115479979184.43832     
   1.5520731054359713E-096   168920995960.98618     
   4.9549109513515076E-097   115449359230.46672     
   1.5548189509331222E-096   169020552632.35043     
   5.5982870984083203E-097   120244336732.94632     
   1.6192151602595171E-096   171322510328.29065     
   9.1446380285049361E-097   141612551817.93552     
   1.7603747620149634E-096   176162968558.96286     
   1.0176816664440224E-096   146751841325.98300     
   2.2327612088335446E-098   41082828348.845238     
   1.0619239088623251E-096   148848355841.31674     
   1.4207656935716154E-097   76129631830.927734     
   1.1126987273600088E-096   151183863427.94055     
   3.4958210453325869E-097   102777008598.06219     
   1.3666001206542632E-096   161904925247.28082     
   3.9691648145043949E-097   107220860044.52541     
   1.4474828205695762E-096   165038036552.20969     
   4.4212680550459563E-097   111146346360.62936     
   1.5070935760432619E-096   167273180704.40573     
   6.0640534870715025E-097   123490604525.14720     
   1.6015755195713973E-096   170698111425.88861     
   9.4515230994751337E-097   143179280464.90250     
   1.8657333800684477E-098   38695705526.619995     
   1.0254941578208995E-096   147126410371.24170     
   2.8091413896720605E-097   95551485175.567413     
   1.3173393510691175E-096   159935717836.79620     
   3.8744156249036950E-097   106360812113.71774     
   1.4587132606981562E-096   165463758807.24280     
   6.0046406297185461E-097   123085978462.39992     
   1.6050169762960081E-096   170820289012.47073     
   9.3100976252107410E-097   142461546282.42294     
   3.0829608455508907E-098   45747662862.796265     
   1.0096173940109373E-096   146363184557.42563     
   2.9208914718672530E-097   96802085935.292221     
   1.3074692029242977E-096   159535277297.21442     
   3.8036161797176670E-097   105708961008.23172     
   1.4409513573361141E-096   164789429048.85291     
   6.9024838213967753E-097   128938132185.73962     
   1.6896168594135702E-096   173770341125.49573     
   9.5776265780992964E-097   143813241640.48059     
   1.9964576363686931E-097   85270656886.244888     
   1.2747951596023562E-096   158195106116.32935     
   3.8148092704580270E-097   105812551135.82051     
   1.4504278429626935E-096   165149888531.53528     
   8.6850558665504122E-097   139199320201.74805     
   5.5351479542019901E-099   25808097270.206249     
   9.7476070090132987E-097   144659040246.02347     
   2.8790972297836622E-097   96338161213.115921     
   1.3165079463551906E-096   159902064323.18381     
   4.0457680418201851E-097   107906242220.65962     
   1.4855143500271995E-096   166470976102.52802     
   8.8624788978111484E-097   140140817607.10168     
   3.1939240463027681E-098   46290062829.515762     
   9.9611023363853320E-097   145707545651.03619     
   3.3667453983467250E-097   101496173039.78381     
   1.3985380948593073E-096   163156485754.69708     
   7.4177874873195474E-097   132070058809.91588     
   3.2056588257561612E-099   21512225510.427948     
   9.7600449592699595E-097   144720542424.65475     
   3.1845911374630087E-097   99631683693.663895     
   1.3649039690969510E-096   161837914915.58514     
   6.1772371495645303E-097   124254177936.51703     
   1.5313715970423453E-101   3623039799.3466320     
   9.5876805553011311E-097   143863546010.42441     
   3.0207352437199765E-097   97892735174.749771     
   1.3299682429767606E-096   160445176702.10703     
   5.1815506419269910E-097   117183417076.55896     
   1.5941583338108466E-096   170434192315.76422     
   9.4588502026130817E-097   143216269860.35767     
   2.7645679679285833E-097   95043407760.245422     
   1.3178849011091567E-096   159957792861.29575     
   5.4484193308048898E-097   119161625062.05742     
   3.5933087037239420E-101   4814424923.4368658     
   9.7752043360680785E-097   144795430685.05301     
   3.4105312396037697E-097   101934278397.54279     
   1.3886953297160076E-096   162772824847.66245     
   8.3831991866293334E-097   137567603155.79413     
   2.9855638011448133E-098   45260744595.581261     
   1.0862396983325612E-096   149975896196.58109     
   3.9564131790505501E-097   107105914947.30780     
   1.4456730826431501E-096   164969227409.66696     
   9.2181518455585931E-097   141991014274.25250     
   1.5775059837424657E-097   78832127493.444290     
   1.2909171490404283E-096   158859197971.79764     
   4.5710628506626340E-097   112387662805.74298     
   1.5777894466959849E-096   169848842354.26553     
   9.8666587350885399E-097   145245586511.42947     
   3.6629047952553952E-097   104389011671.90277     
   1.4070365068567899E-096   163486299655.88174     
   9.1604918329990461E-097   141694341151.03857     
   1.2540630683300952E-097   73027433001.895508     
   1.3010925351332017E-096   159275497617.39154     
   5.2987915697754032E-097   118060654843.47467     
   1.2491783757472295E-099   15712829382.987764     
   1.0323767779563964E-096   147454823816.83350     
   4.2053964821697660E-097   109307146717.09827     
   1.4614652052332636E-096   165567745668.55212     
   9.7237975747030565E-097   144541163177.16833     
   3.2346274366385652E-097   100150778809.57912     
   1.3821108157111167E-096   162515154128.42502     
   8.2965725824656954E-097   137092116454.65753     
   5.3459503342116778E-098   54960990228.765549     
   1.2725126283134349E-096   158100633159.87057     
   5.1286891614165774E-097   116783557737.80237     
   2.8083062402643280E-099   20583903185.778248     
   1.0737472980467851E-096   149398740736.38455     
   4.8360528733008021E-097   114518747383.64574     
   1.5629089909484310E-096   169313195123.89200     
   1.0510669111117303E-096   148339347246.50116     
   4.5656894656895962E-097   112343607481.60905     
   1.4928258827192277E-096   166743646310.90369     
   1.0325371138765420E-096   147462457038.06439     
   4.3447634326062488E-097   110501528929.33597     
   1.4537287092976773E-096   165275075659.98358     
   1.0175353954799293E-096   146744810128.66663     
   3.8005741598368465E-097   105680772523.82231     
   1.4274651180525990E-096   164273714379.95685     
   1.0075441568264427E-096   146262930889.37112     
   2.8355617547067581E-097   95850109253.704300     
   1.4233652132271416E-096   164116290234.10303     
   1.0182983741017838E-096   146781478854.78647     
   3.2470140435977665E-097   100278454328.60800     
   1.4389987610733501E-096   164714961424.69501     
   1.0380692831787321E-096   147725348200.57715     
   3.8403376982623033E-097   106048056566.43239     
   1.4634251683317564E-096   165641726609.94312     
   1.0623430464472024E-096   148867936570.70792     
   4.6674850725106168E-097   113172407526.99513     
   1.4948354389075065E-096   166818432992.78564     
   1.0950796983450376E-096   150381640468.08875     
   5.1891818398282721E-097   117240916672.13924     
   1.5310103022386052E-096   168153384602.91907     
   1.1394243976422053E-096   152384717302.70819     
   5.6483878153294466E-097   120601972621.16365     
   2.1755693769080913E-100   8774799892.4004917     
   1.2010189592552995E-096   155082524951.36670     
   6.5017953060842638E-097   126393286450.64568     
   3.8271096050187663E-098   49166565912.324158     
   1.3862478103414157E-096   162677141772.11072     
   9.0097620725815855E-097   140912877352.72940     
   2.3334617732856273E-097   89821397077.808762     
   1.4836989683409833E-096   166403136176.66394     
   1.1443293149186810E-096   152603062778.98834     
   5.8327546657570884E-097   121900123458.69016     
   6.2056377795139466E-101   5776193272.1109114     
   1.2416604049944856E-096   156812442577.50061     
   7.0692915300372653E-097   129968529780.16240     
   6.2502342586452213E-098   57899970245.844185     
   1.4388187401543335E-096   164708092441.40637     
   1.0392642324534172E-096   147782009995.66266     
   4.7370916053622401E-097   113732216545.98260     
   3.4356878364617007E-101   4742974699.5022001     
   1.2723403265606331E-096   158093497082.47482     
   7.6101772745909499E-097   133202129124.50999     
   1.2981456340672099E-097   73873279822.520233     
   1.5028564024343197E-096   167116271452.99445     
   1.2230290373282155E-096   156024152281.92468     
   7.0019104041924175E-097   129554278084.39644     
   2.3881865051418239E-098   42014802095.278404     
   1.4118743344073253E-096   163673457504.78201     
   1.0632691365158880E-096   148911182198.52820     
   5.7504212793466845E-097   121323834996.84772     
   4.7675855308926940E-099   24555328015.349995     
   1.3526901224265547E-096   161353732128.08804     
   9.5426730905255982E-097   143638079878.41357     
   4.9322074501803932E-097   115272758801.23422     
   4.8368013655743096E-099   24673589009.201077     
   1.3689726251665542E-096   161998563488.24396     
   1.0213595546525695E-096   146928415195.21033     
   6.2743616589110850E-097   124902009299.96155     
   2.3859474404737184E-098   42001667544.027039     
   1.4453811481868297E-096   164958122214.80972     
   1.2479887722722731E-096   157078399772.92670     
   8.0868688451184257E-097   135927201437.91893     
   1.1771687804047348E-097   71503256383.099182     
   1.7304915329927161E-100   8130228191.2876558     
   1.3479950710822057E-096   161166834869.41031     
   9.3151963162019690E-097   142487547973.39706     
   5.2738625186192465E-097   117875218367.68547     
   2.8579394175159715E-098   44606407582.299377     
   1.4834442524002746E-096   166393613140.42499     
   1.3244866192467604E-096   160224441811.43716     
   9.1736530769980451E-097   141762167982.11862     
   4.8865015119037402E-097   114915582119.70589     
   7.3204184739490645E-098   61032085692.830399     
   5.8806544301183360E-098   56735488079.478836     
   4.5259192786197961E-098   51993434962.256752     
   3.2477346287824062E-098   46548578267.909492     
   2.1562153908710982E-098   40607877419.569931     
   1.6104587744602045E-098   36843661156.489716     
   1.1627605142602203E-098   33052907430.722485     
   8.0023987108277746E-099   29182308044.019249     
   5.1919824995747810E-099   25263333130.584843     
   3.1411053434916371E-099   21366845485.528805     
   1.7035236890158226E-099   17424579300.610195     
   7.6883474883847051E-100   13365665158.424370     
   2.7132468613384226E-100   9445160567.4529285     
   5.3994323127006282E-101   5514366273.4031181     
   1.4174934932193618E-096   163890306293.75500     
   1.3858264459074973E-096   162660657632.32410     
   1.3464920869420588E-096   161106913463.37186     
   1.3059073528228626E-096   159471727177.99792     
   1.2905104456623231E-096   158842513358.93155     
   1.2813014768185648E-096   158463782334.52036     
   1.2720433614532276E-096   158081196415.10892     
   1.2615991083079092E-096   157647359149.61121     
   1.2481465872538712E-096   157085020633.75458     
   1.2345355335534511E-096   156511927676.27637     
   1.2205123932805150E-096   155917061096.59564     
   1.2060425144717641E-096   155298447696.93646     
   1.1916731672750817E-096   154679216080.18930     
   1.1770705017524480E-096   154044808834.58496     
   1.1441591457945899E-096   152595498051.91382     
   1.0756125350181710E-096   149485198959.94434     
   1.0074265140937608E-096   146257238023.70200     
   9.3957003105728113E-097   142896840834.55536     
   8.8698566517496371E-097   140179694528.92148     
   8.3945899137058781E-097   137629881919.18393     
   8.2625138526747778E-097   136904264296.07571     
   8.1303438650448248E-097   136170347856.44791     
   7.9973430198986258E-097   135423744164.91072     
   7.8271609136947839E-097   134456250541.94223     
   7.6444467013031087E-097   133401770808.81261     
   7.4635130279947444E-097   132340876690.74165     
   7.2608709604577467E-097   131132139912.70615     
   7.0712985206061975E-097   129980828086.21808     
   6.8417400072806883E-097   128558786513.33379     
   6.0590037597232714E-097   123456316840.63815     
   5.3306679357009363E-097   118296924014.24110     
   4.6453218585142442E-097   112992992927.37239     
   4.0524989770264755E-097   107966050189.74252     
   3.4944166457072673E-097   102763243655.70190     
   2.8098586248276225E-097   95559616610.646439     
   2.1606053598919468E-097   87546352920.391632     
   1.6465710941106220E-097   79966190011.741730     
   1.2166193006623351E-097   72293260034.541794     
   8.4918708498774952E-098   64127951794.009666     
   6.1178643539273137E-098   57488307568.790489     
   4.6891192550440549E-098   52611013508.699852     
   3.3648779798367098E-098   47101638566.053780     
   2.0949708059736202E-098   40219706834.653976     
   1.4343320618992708E-098   35448359736.507179     
   9.6004732392774925E-099   31008240421.862808     
   5.9809029219528603E-099   26483080052.897717     
   3.3900983661037649E-099   21917129588.076279     
   1.6753249235114233E-099   17327899697.287739     
   6.4701671570903312E-100   12618800543.715128     
   1.7185645254139735E-100   8111506549.1507626     
   9.2008566301915042E-102   3057189293.9111495     
   1.1228588359457993E-096   151642625765.84393     
   1.0852830150456947E-096   149931853868.30740     
   1.0467404628914979E-096   148135533675.35480     
   1.0379400853025052E-096   147719219324.78137     
   1.0292114318802165E-096   147303966946.86951     
   1.0199857325490281E-096   146862508246.30759     
   1.0069636519326622E-096   146234835293.98901     
   9.9397445300650566E-097   145603332942.75229     
   9.8020805539323858E-097   144928010776.81210     
   9.6641178806657157E-097   144244849573.82794     
   9.5240515088677920E-097   143544587207.98682     
   9.1078282849612358E-097   141422286163.31161     
   8.4477733892242483E-097   137919919192.74319     
   7.7665894407514044E-097   134108516441.80858     
   7.2080609284838216E-097   130813447660.81976     
   6.7887575898030159E-097   128226073212.38039     
   6.6606850835576125E-097   127414604099.44452     
   6.5321666722798964E-097   126589784744.11577     
   6.3768058985990657E-097   125578119358.04828     
   6.1980622456167160E-097   124393652522.99902     
   6.0115644424972636E-097   123133269492.38309     
   5.8229498531325618E-097   121831780781.53809     
   5.6384633937859835E-097   120531297203.61288     
   5.0118257801024927E-097   115889715701.77618     
   4.2850579152082165E-097   109993023691.87802     
   3.6343586506475473E-097   104117125579.36285     
   3.0644740966374042E-097   98362953460.012161     
   2.4631827610186040E-097   91455912589.585297     
   1.7956301063566252E-097   82309861011.608353     
   1.2916428792952057E-097   73749723017.978851     
   8.8370422507989292E-098   64985313644.137543     
   5.5562138331718936E-098   55672307979.414581     
   4.0508782423640972E-098   50106719711.386650     
   2.7458773672761440E-098   44015599496.823448     
   1.5462560514974372E-098   36347402450.082947     
   9.7917018738342652E-099   31212769336.372208     
   5.7407310852161477E-099   26123737433.430901     
   2.9525083524839720E-099   20930356254.737946     
   1.2538488542015458E-099   15732387614.746712     
   3.6419861283613822E-100   10418991202.422937     
   5.2170251099571268E-101   5451556923.5838404     
   9.3550648659514248E-097   142690538386.40518     
   9.0122124884010706E-097   140925651047.23547     
   8.6305252331686496E-097   138907379300.87961     
   8.5139448964752948E-097   138279092459.92230     
   8.4316399245173462E-097   137832063925.71765     
   8.3168734853650290E-097   137203842383.70190     
   8.1910419030958316E-097   136508373304.63391     
   8.0575747364996681E-097   135762873975.37251     
   7.9234668627383218E-097   135005457285.61021     
   7.7888464424437615E-097   134236500836.27658     
   7.3141394923831615E-097   131452037430.41759     
   6.6579686044430237E-097   127397280247.08118     
   6.0686471987840968E-097   123521779330.01132     
   5.5679554157407839E-097   120026780910.30898     
   5.4453544100130443E-097   119139276718.15968     
   5.3154251879507012E-097   118184061885.27785     
   5.1390842034294204E-097   116862405093.53844     
   4.9550179098510612E-097   115450189935.02821     
   4.7724358263756710E-097   114014374232.73564     
   4.5910386402293458E-097   112551138273.64014     
   4.0455334396362953E-097   107904156458.52092     
   3.3479110896244378E-097   101306555094.68997     
   2.7662492263262434E-097   95062670582.729309     
   2.2406601891758155E-097   88614523839.445923     
   1.5686664753106411E-097   78684607103.889374     
   1.0716223841282819E-097   69298978734.089127     
   6.8354468863521798E-098   59653401580.651901     
   4.0159646473414956E-098   49962351360.563744     
   2.6733422113262552E-098   43624563464.596786     
   1.4520636177225758E-098   35593835603.073753     
   7.2722018469779219E-099   28266251389.823944     
   3.7408479099650878E-099   22648333915.842819     
   1.5460710430280608E-099   16870296840.847412     
   4.3733801201573607E-100   11074360351.785669     
   5.4178749437792913E-101   5520637540.8190260     
   7.8242320184557215E-097   134439477435.78136     
   7.5734012438344621E-097   132987217016.55661     
   7.2030833397457836E-097   130783329274.83148     
   7.0508320022123729E-097   129855305375.46880     
   6.9450532796437604E-097   129202654416.35750     
   6.8223360864577128E-097   128437135856.16786     
   6.6942092860595491E-097   127628011909.16606     
   6.5652099710265335E-097   126802879460.77362     
   6.4369850284133122E-097   125971918023.17223     
   6.0870325418000617E-097   123646392536.88419     
   5.4516597887116880E-097   119185244248.94514     
   4.9160555938991713E-097   115146790516.45605     
   4.5198392275632949E-097   111966277055.93520     
   4.3805647288862051E-097   110804213704.71556     
   4.2115875287063151E-097   109360759879.92310     
   4.0291254760475912E-097   107758078774.02686     
   3.8540460954698780E-097   106174089106.66814     
   3.6807357624258178E-097   104558125615.88120     
   3.1315029502648119E-097   99074947441.181122     
   2.5038258795435219E-097   91956186033.398224     
   1.9806490383492049E-097   85044993317.613571     
   1.3633670687644989E-097   75090300465.611221     
   8.7598510882743802E-098   64795545440.719261     
   5.1148913900340413E-098   54157471642.517685     
   2.7508128003188713E-098   44041954888.531349     
   1.6092875197865578E-098   36834727102.675903     
   6.2404956865680379E-099   26860820294.884964     
   2.6049714798206593E-099   20074615380.393486     
   8.2028679774629824E-100   13657403779.881781     
   1.2631802241539476E-100   7320397794.7703857     
   6.4922051880224808E-103   1263311127.0060830     
   6.5114643778121188E-097   126455910202.06204     
   6.2220720250720717E-097   124554069106.27353     
   5.9198195437517267E-097   122503660217.39380     
   5.7887714833904438E-097   121592945056.82443     
   5.6666221218744256E-097   120731610271.81862     
   5.5451650753703623E-097   119862795408.88599     
   5.4204347254402546E-097   118957258957.65692     
   5.2892948533751902E-097   117990081580.13490     
   4.9341062293171211E-097   115287549300.22592     
   4.3396298068711969E-097   110457990151.98656     
   3.8566977542664273E-097   106198433471.63676     
   3.5801139852420127E-097   103596526368.12132     
   3.4109267835996901E-097   101938218930.59099     
   3.2400854715211907E-097   100207077851.53030     
   3.0750369680374333E-097   98475838924.459015     
   2.9143021325772655E-097   96729238078.794525     
   2.4021115331380037E-097   90693737239.074326     
   1.8521045926752512E-097   83163880386.627975     
   1.3085827413805234E-097   74070732292.053131     
   7.8493546171531824E-098   62467993853.223091     
   4.2230095597845029E-098   50806615328.644997     
   1.9132611537729574E-098   39021532976.324951     
   9.1004196286677413E-099   30460244267.295441     
   2.3881027734813946E-099   19501315709.473389     
   6.0051941529840654E-100   12308976047.387798     
   5.3531979663951056E-101   5498581632.0823469     
   5.6162322329434460E-097   120372679520.13832     
   5.4792856382995255E-097   119386225706.04265     
   5.2675873768654748E-097   117828448265.21802     
   4.9705698619474708E-097   115570848809.30705     
   4.7720439623063479E-097   114011253578.96692     
   4.6550380733275106E-097   113071717263.93320     
   4.5360870311371059E-097   112100281124.76701     
   4.4053521834332740E-097   111012816197.71645     
   4.2689928377788487E-097   109855393554.65321     
   3.7730462730764789E-097   105425002351.34943     
   3.3080551079718597E-097   100902940086.51498     
   2.8769620066712766E-097   96314339586.071045     
   2.7138743960033878E-097   94458886875.587158     
   2.5497040834881875E-097   92514435252.535568     
   2.3915449313448356E-097   90560558128.030334     
   2.2406354850216253E-097   88614198168.331024     
   1.7016553346383978E-097   80848154111.061844     
   1.2300677655690341E-097   72558660192.934570     
   7.0406207886161620E-098   60244382893.523026     
   3.5501058381725637E-098   47950522342.422195     
   1.4162996044132567E-098   35299180269.995590     
   4.5768045637588580E-099   24223321769.828484     
   6.4461730645473573E-100   12603182620.821377     
   3.0791653402724058E-101   4572888148.0338840     
   4.7747182974121100E-097   114032547554.19505     
   4.6348407506794367E-097   112907947973.02086     
   4.4909542935800668E-097   111727252878.89452     
   4.2347002432462471E-097   109560448182.90373     
   3.9369364723639739E-097   106929871402.82121     
   3.8284477777362978E-097   105938499665.96022     
   3.7017851327881803E-097   104757062338.13898     
   3.5746704544468471E-097   103543993874.94525     
   3.4446696909361711E-097   102273260942.36021     
   3.0065106805168038E-097   97738835241.824753     
   2.5655542523401339E-097   92705743900.342026     
   2.1795203660171200E-097   87801085674.713623     
   2.0247015052215311E-097   85670883192.913177     
   1.8768518520399293E-097   83532646293.638626     
   1.7369679809877081E-097   81403581548.163177     
   1.3676026391016157E-097   75167981050.625534     
   8.9623899560776075E-098   65291130389.353981     
   4.6220820284075270E-098   52359094242.570892     
   1.8980652568940173E-098   38917949971.659309     
   4.7579921268246293E-099   24538846761.246990     
   6.2194321511728266E-100   12453645152.661367     
   3.0153415476044339E-103   978344360.96852362     
   4.0246208011606565E-097   107717904950.59998     
   3.8845779156761413E-097   106453722973.61594     
   3.7412063344382807E-097   105127611144.33299     
   3.5467087191091944E-097   103273306746.36488     
   3.1990680486799357E-097   99782428207.031967     
   3.0776154813124465E-097   98503356243.222733     
   2.9547723962630933E-097   97174933760.709564     
   2.8301451866379698E-097   95789038512.349045     
   2.6576445516492874E-097   93801951566.844254     
   2.2716548237609290E-097   89021250236.149490     
   1.7458738377468278E-097   81542469758.747726     
   1.5717325771453905E-097   78735839155.120789     
   1.4346068926648818E-097   76376053408.145569     
   1.3080075474327276E-097   74059877983.923172     
   1.0671191184904717E-097   69201771024.829361     
   6.1336472380073279E-098   57537701284.904480     
   2.7055209838826108E-098   43798900773.569359     
   8.3436963161443777E-099   29591415392.302715     
   5.6267257025409116E-100   12044760170.598576     
   3.5591648090790929E-097   103394064581.63222     
   3.3960884812528172E-097   101790185967.19167     
   3.2586354700241569E-097   100397947816.18956     
   3.1303252587520346E-097   99062525891.895294     
   3.0023872865765877E-097   97694132245.773224     
   2.5709225624286311E-097   92770359757.773895     
   2.4457681559777198E-097   91239872756.637543     
   2.3269194578839283E-097   89737374566.565796     
   2.2257260293892844E-097   88417210781.354065     
   2.0562116456104504E-097   86113025306.344482     
   1.6302769384578174E-097   79701538345.147049     
   1.2123491430166189E-097   72208581260.844650     
   1.0987483925606455E-097   69878835619.826553     
   9.9432879327902900E-098   67591110337.641365     
   8.9184285225138174E-098   65184202157.045364     
   5.1803272442586156E-098   54387442935.651146     
   1.9885400935632966E-098   39526742650.003792     
   4.5318880186238909E-099   24143818939.910942     
   8.4704221900267059E-102   2974047687.7907882     
   2.9243011238331986E-097   96839738033.236542     
   2.7613377276065720E-097   95006375729.069687     
   2.6514442295671411E-097   93728947673.994324     
   2.5452977405366073E-097   92461110713.313171     
   2.3214827016392042E-097   89667430776.732040     
   1.9585352824736376E-097   84727301647.072815     
   1.8657796851002509E-097   83368060025.347275     
   1.7710902684389951E-097   81933179382.569626     
   1.6752423476145625E-097   80427664288.845917     
   1.2922603044253799E-097   73761472312.752991     
   8.6071554940854298E-098   64416846233.739441     
   7.6972707700076632E-098   62061913776.953773     
   6.7971061814192524E-098   59541658428.968460     
   5.9399277792123434E-098   56925470709.281303     
   2.8147169692428147E-098   44380393916.835251     
   7.7096475957852745E-099   28822020180.291748     
   3.3276391257816759E-100   10110166694.625029     
   2.4964931107197528E-097   91866329841.221954     
   2.3042909968882767E-097   89445538534.965057     
   2.2015648107820172E-097   88096110381.687256     
   2.0632596581982746E-097   86211302082.856888     
   1.9094163846422865E-097   84012993052.168228     
   1.5406236251415079E-097   78212906771.423965     
   1.4396027090142251E-097   76464606976.990601     
   1.3520074176794170E-097   74881166344.512283     
   1.2699230727942283E-097   73334001002.527893     
   9.1721715373941497E-098   65796627173.119019     
   5.6151498813183776E-098   55868459090.970528     
   4.8388839687566543E-098   53165264434.580688     
   4.0060288914861594E-098   49921113972.715866     
   2.9280524990958446E-098   44968237079.404945     
   7.3830727873642092E-099   28409175230.429920     
   3.4683523990641339E-100   10250710804.572178     
   2.1126371114741121E-097   86893617336.832077     
   1.9174010272810964E-097   84129936436.316589     
   1.7782392620084475E-097   82043272288.625244     
   1.6465315292616350E-097   79965549513.924881     
   1.4783706961051090E-097   77144924328.549103     
   1.2160753975498002E-097   72282485261.600204     
   1.0687626135448898E-097   69237279222.829086     
   9.6902861733561179E-098   67012904723.236481     
   8.5786531985788677E-098   64345662888.189873     
   5.6151377525877450E-098   55868418865.628174     
   3.1091802759827263E-098   45876985866.390846     
   2.3692558508941567E-098   41903493289.049004     
   1.7491784682423016E-098   37872526933.445923     
   9.2769426836277936E-099   30655932655.007381     
   7.1208485155317652E-100   13028372220.767162     
   1.8215061027497601E-097   82703353343.617752     
   1.5855456879232824E-097   78965822354.958099     
   1.4195649680545837E-097   76108179418.505798     
   1.2607225721956918E-097   73156471740.602066     
   1.1246144272290587E-097   70422935753.935196     
   9.6895414934007664E-098   67011188074.750221     
   7.3466133767384619E-098   61104796763.918991     
   6.4048447517458180E-098   58373505932.898567     
   5.5094020599777583E-098   55515518185.691063     
   3.9800095638258531E-098   49812799212.210892     
   1.5907916088701784E-098   36693066336.998711     
   9.6898519707643257E-099   31104170441.098904     
   6.1891124886749710E-099   26786894523.817558     
   3.4270310528150033E-099   21996432759.323933     
   3.6006323017743302E-101   4817693497.4259911     
   1.4656931163649187E-097   76923775480.879089     
   1.2605277637841479E-097   73152703470.330124     
   1.0599708775037004E-097   69046905588.129089     
   9.1764467519435926E-098   65806848344.244225     
   8.0854850610289828E-098   63088219181.649643     
   7.1678798622353385E-098   60605189676.070992     
   4.7247422725282582E-098   52743905345.168022     
   3.9301072894695985E-098   49603734889.611450     
   3.3784626275318230E-098   47164939525.583870     
   2.8334739263772791E-098   44478757727.801674     
   1.5133665673391624E-098   36087845438.599640     
   3.3355269183436352E-099   21798890616.450207     
   1.7814596687607459E-099   17686351029.741791     
   8.4886042202414272E-100   13814176606.957844     
   3.1763444589337189E-100   9954560872.9058018     
   1.3037940817267914E-097   73980269772.780090     
   1.1390839760811513E-097   70723675538.780411     
   9.9233532545251044E-098   67545910383.137093     
   7.8749113232349666E-098   62535716900.040161     
   6.5628908177395590E-098   58849751768.207230     
   5.7616781427058410E-098   56350257758.242172     
   4.9029086089168812E-098   53398719348.233772     
   3.8665496303865898E-098   49334883301.426598     
   2.2046526370636076E-098   40909700459.368919     
   1.8225820611172018E-098   38395053111.287376     
   1.4787745289320749E-098   35810762037.693886     
   1.1455432196910646E-098   32888954544.565868     
   4.6714996944428923E-099   24389244668.077076     
   3.7638357952377371E-100   10533914724.705616     
   3.8902069064414853E-101   4943529639.8752327     
   1.0639671771328220E-104   320889607.73194468     
   1.0761832522517625E-097   69397152671.717148     
   9.8496133346252884E-098   67378184195.265617     
   8.5134991073558400E-098   64182348915.976578     
   7.1675470063373315E-098   60604251550.828712     
   5.5308171728579277E-098   55587355020.732254     
   4.4804406343553625E-098   51818696565.693314     
   3.5429821736611024E-098   47918428260.403122     
   2.7789043295021008E-098   44191367468.177551     
   2.1776552799799136E-098   40742025827.509796     
   1.5506844435427236E-098   36382068362.633759     
   6.8574794415557137E-099   27718373785.128922     
   4.6206081624948070E-099   24300355243.823334     
   2.9002387148230561E-099   20806106830.498177     
   1.6311209866151650E-099   17174138756.132896     
   1.6946446816666349E-100   8073697246.5097160     
   8.7242871264193510E-098   64707739082.360931     
   8.3111130644565095E-098   63669675882.891426     
   7.9484993106025845E-098   62729903943.736900     
   7.4863146923886178E-098   61489685044.903305     
   6.6863086724308524E-098   59216361112.555222     
   5.6475834694322196E-098   55975819654.049164     
   4.2741263372664603E-098   51010787392.836426     
   3.1655652370325132E-098   46152652383.560760     
   2.1814508256520294E-098   40765682535.385147     
   1.5391480727342411E-098   36291621809.692917     
   1.1530429135786746E-098   32960571445.370617     
   7.9947511898315121E-099   29173009022.099777     
   5.1223790439387886E-099   25149931870.091908     
   8.1016291635529917E-100   13600985021.037960     
   2.7278124264304213E-100   9462031946.9313145     
   6.9506732626461390E-101   5998673163.0955982     
   5.0565355560842905E-102   2504170705.2052317     
   6.9581463736387096E-098   60008222447.826904     
   6.1704175224439664E-098   57652448887.338768     
   5.5675104993612957E-098   55710012655.849098     
   5.2547310909721259E-098   54646590943.899162     
   2.6528012456406721E-098   43512544437.079437     
   5.9211791303955232E-098   56865514843.376808     
   1.2763853423218617E-098   34096267919.689327     
   4.5124429641287742E-098   51941778680.925034     
   3.6897752591571586E-099   22544791007.677818     
   3.1787130764732409E-098   46216460839.798668     
   1.4961551095578133E-100   7745303654.0569029     
   1.8997694691495587E-098   38929594216.020798     
   3.9271259704329220E-098   49591188839.482079     
   9.0182636234353436E-099   30368304895.875957     
   2.9227719906598750E-098   44941188606.936073     
   2.2665230048713013E-099   19164593830.564301     
   1.8149163049287442E-098   38341147769.239525     
   7.0895705568181435E-101   6038367651.4256983     
   8.5592565652216489E-099   29844084233.257603     
   2.6264353693964542E-098   43367908865.931900     
   2.1702543794497644E-099   18889325741.932537     
   1.8280035575347137E-098   38433085707.979004     
   1.0653276444989946E-101   3210263205.6429238     
   1.0696287367118810E-098   32145777147.864407     
   1.8044542778471117E-098   38267333646.670349     
   3.8708392512526002E-099   22907689487.004375     
   1.1050452011325318E-098   32496724595.897858     
   2.0877594251478106E-100   8655119328.2014332     
   4.8628680071833700E-099   24717833516.068470     
   1.3953518609658794E-098   35124284607.409180     
   9.1876028630274408E-100   14183398780.354912     
   8.9177796518605806E-099   30255092702.250313     
   6.4436816967425360E-105   271492353.24780720     
   4.3522326818658098E-099   23820467325.133595     
   8.6074918110826630E-099   29900040846.590584     
   1.0336227330524360E-099   14751412007.133526     
   4.4002965868384101E-099   23907833652.805431     
   8.8566952760081505E-103   1401103258.4228928     
   9.7061010745072658E-100   14445342564.531916     
   5.5007523814746068E-099   25754528731.671509     
   4.0392660213509438E-102   2323523455.5570021     
   1.9358376680091715E-099   18183154167.676342     
   5.0797117474011105E-099   25079907577.827984     
   5.1596899355364974E-101   5431512419.4281883     
   2.3824965399041509E-099   19486043531.036179     
   3.9789229595611292E-099   23118948932.688133     
   2.0137453216749258E-100   8551607451.6865349     
   1.4535158494258429E-099   16526700855.447382     
   3.6839283728871722E-099   22532876414.189705     
   5.1763807086888763E-101   5437362807.4282684     
   1.5334938814764474E-099   16824426068.161362     
   2.4073246963100447E-099   19553498210.259533     
   3.9869856987573564E-102   2313455418.5093398     
   7.3104141803626875E-100   13142971614.350758     
   1.4416105387550512E-099   16481455355.408331     
   1.2004205562482663E-103   719709745.52663124     
   1.8412636351679454E-100   8300130121.2246237     
   1.1903441138170722E-099   15462169096.184380     
   1.5626879461990696E-099   16930521266.777287     
   7.6077834428534358E-101   6182046814.3374844     
   5.4664765194279192E-100   11929312199.054930     
   9.8749085512189932E-100   14528605666.467754     
   4.6549863544657949E-102   2436047279.5447860     
   1.4465411683283153E-100   7658725574.1348152     
   6.9112076935293468E-100   12899242984.893736     
   9.0767071431550695E-100   14126102395.510435     
   9.2422179320181407E-101   6596369534.4296637     
   2.6640548985579964E-100   9387730905.3466511     
   5.9472811511821072E-100   12269279654.467737     
   2.8205533490899086E-103   956807009.80100906     
   6.3545643697018837E-101   5822035331.4183969     
   3.1258411114497405E-100   9901520139.1603031     
   4.3558706440443432E-100   11059561302.589920     
   1.7841649746605131E-101   3812336659.8929305     
   7.6733986346803897E-101   6199768821.3186512     
   2.8258778227563652E-100   9574086992.2864876     
   3.5130049279271372E-100   10294513525.611820     
   1.5709524819014111E-101   3653989192.1763678     
   8.2228059669303907E-101   6344337181.9600821     
   1.5864600773152826E-100   7898099938.7257338     
   2.5706912532231717E-100   9276757745.1517353     
   2.4792886982283005E-102   1974643086.8255136     
   6.8198002965866921E-101   5960785052.8918381     
   9.5188666183769209E-101   6661540245.4164457     
   1.7026970098108542E-100   8086464792.0414667     
   3.8158706685402965E-103   1058223636.6872706     
   2.0374524108389274E-101   3984820228.9481912     
   4.8549397449811017E-101   5322400161.5672235     
   7.1352228165029423E-101   6051300993.9915237     
   1.0563879410048113E-100   6896901981.6871986     
   1.8055864625307792E-103   824617104.52573252     
   1.6433526516613164E-101   3709281830.4534316     
   2.5051067378789818E-101   4268955757.5831146     
   4.7518209865816639E-101   5284447642.1981421     
   5.3643681331370594E-101   5502403484.8080511     
   6.1399253257737084E-101   5755732547.4241104     
   1.8450699849401986E-102   1789440202.4605865     
   4.9878722783138547E-102   2492784201.7480717     
   1.6741757605361142E-101   3732329053.2595601     
   1.7747338873942900E-101   3805607458.1516175     
   2.2430750791432383E-101   4114598963.2693233     
   2.4019405597958857E-101   4209530502.8406672     
   2.4057043281108585E-101   4211728091.1098323     
   6.7699341365838409E-105   275999136.54799211     
   2.8287967524338252E-104   444542707.71284521     
   1.9564370336363614E-103   846970337.06781483     
   4.9788028576897226E-103   1156346221.4449720     
   3.0729236572809132E-103   984532746.70827258     
   1.1739060798856765E-102   1539066408.8739681     
   9.3000056624957154E-103   1424100525.0044265     
   8.7127573063579492E-103   1393471576.3796251     
   1.4872756078734652E-102   1665367406.4507263     
   1.0174926033179424E-102   1467427529.9606183     
   9.0179502880459006E-103   1409555523.8418806     
   1.0003089979155937E-102   1459119855.5616131     
   5.9669883028608077E-103   1228281670.7134845     
   9.2474201118456402E-103   1421411325.8712409     
   4.6152732150387653E-103   1127488309.0937507     
   3.4240543310676631E-103   1020688271.9729470     
   4.7514869070100202E-103   1138473050.2109799     
   2.7483112466042142E-103   948567441.50474310     
   2.2215745756009856E-103   883622042.48411655     
   1.2372788540837754E-103   727001721.23207653     
   6.7361025340687747E-104   593629951.77193093     
   1.2964936053297913E-103   738419293.11300814     
   5.8817160997322616E-104   567389021.39369774     
   2.9715763766634921E-104   451899514.34828287     
   2.4759820848603956E-104   425234744.01526701     
   1.0728007877399134E-104   321775225.59504312     
   1.9129664301497262E-104   390195292.14643615     
   4.6626490544161450E-105   243738322.80464944     
   9.3165262350709879E-105   306994724.61139464     
   9.6826611466961175E-105   310964744.18222576     
   2.0379840997207230E-104   398516682.19665843     
   1.4182459802529775E-104   353153430.51321220     
   1.3532937822883745E-104   347677781.42708784     
   2.4022336948334642E-104   420970174.08677149     
   4.4574587487315765E-104   517299453.72399408     
   6.2496072040504682E-104   578980339.10069048     
   7.5016278990773627E-104   615315820.71165824     
   9.3455768865664866E-104   662086826.97685909     
   1.4340209771066656E-103   763656542.73310828     
   1.6412036739323833E-103   798792053.34827197     
   2.0549252939126994E-103   860950643.23924720     
   2.2361589537355405E-103   885551451.74481273     
   3.7085815578418892E-105   225830287.27339256     
   2.8437596954668673E-104   445325133.84897393     
   4.8193666103431691E-104   530936884.43314248     
   8.6323903388323196E-104   644797382.10774446     
                       NaN                       NaN
   4.2199148737632831E-105   235765799.30299121     
   3.2617141556705881E-104   466152704.64194834     
   6.6704088624240084E-104   591693857.06924939     
   1.2104601821793735E-106   72171059.043349102     
   1.3510480697468949E-104   347485357.91152477     
   4.8943146359839447E-104   533675014.47748965     
   3.5079488089211298E-106   102895723.35395764     
   1.5021961991800104E-104   359988362.87253642     
   5.1937348840137191E-104   544343240.81909692     
   3.8495982294783808E-105   228657110.37799811     
   2.5803138404374608E-104   431125541.48878324     
   6.0620448488879689E-106   123476968.13838220     
   1.7044099395514984E-104   375466270.01689887     
   1.9138443777873481E-106   84077885.788266197     
   1.2080168151090031E-104   334762833.68144411     
   6.2855153253677454E-107   58008709.693799153     
   1.0140382305781796E-104   315789499.65159869     
   2.0966237751653545E-106   86673515.291956753     
   1.0843421669092620E-104   322925016.96532047     
   5.3578852037012406E-106   118497915.38956971     
   1.0683097960584074E-104   321325589.13128877     
   1.1183753945829564E-105   151440526.23622531     
   1.1209575253625473E-104   326519629.10537416     
   1.8479188245764707E-105   179036071.07584941     
   1.3110053733192004E-104   344017920.33468139     
   1.9008884790540854E-105   180730640.78015938     
   1.0087207746843220E-104   315236548.61764306     
   1.1491989944373504E-105   152819223.27306405     
   6.3571971173890666E-105   270272256.85716707     
   6.6248452988394803E-106   127185662.33220041     
   3.7511642746334960E-105   226691343.71039903     
   1.1766296858293237E-106   71492339.539201498     
   1.9287110422588551E-105   181608134.72289121     
                       NaN                       NaN
   4.9808203627267947E-106   115650239.14686768     
   1.7225927625556321E-105   174893545.34449282     
   2.2271226118575127E-109   8843570.0045329686     
   2.6382214519071977E-107   43432682.980777591     
   1.8128131196219649E-107   38326331.712734923     
   3.8916251169803418E-109   10651805.837287558     
   1.4166799331103542E-105   163858945.74241561     
   5.6559286713707664E-106   120655618.47126338     
   2.0042044213975455E-106   85380805.460263014     
   1.5993955526626174E-107   36759100.046103433     
   4.1171805911896723E-106   108537433.46848969     
   6.9502340975255530E-107   59985468.221686698     
                       NaN                       NaN
   4.4370312097923114E-107   51650802.084268607     
   1.5182286537111206E-106   77832079.998733863     
   4.7437178795751714E-109   11378522.162443917     
   2.0964539040439965E-107   40229195.542715527     
   3.9625135853607028E-107   49739700.237738937     
   3.9837710983825165E-107   49828487.077992409     
   3.4780640109551650E-107   47623952.064573079     
   2.6727210647855988E-107   43621184.505042426     
   1.0685606796764803E-107   32135074.070464000     
   6.4643457732836820E-109   12615014.916473575     
   4.0234974204242676E-107   49993570.094027504     
   5.1677537915584408E-108   25223974.206892550     
                       NaN                       NaN
   4.5678836988174815E-109   11236160.173984852     
   2.6970857873485456E-108   20308499.146164514     
   5.5440281392052307E-108   25821891.434887327     
   4.8400972147331509E-108   24679192.020885222     
   1.3243174693551656E-108   16021762.077844745     
   3.5561954735028590E-110   4797792.3815959068     
                       NaN                       NaN
   1.0050807988242424E-109   6783386.5761767523     
   5.4503038719572332E-109   11917536.232456295     
   9.2217643636415913E-109   14200956.022299726     
   6.9630349024178334E-109   12931406.566576343     
   5.1713602983055966E-110   5435604.3958994485     
   9.3454805110710775E-109   14264179.245457407     
                       NaN                       NaN
   8.7790585726559853E-111   3009739.3826170294     
                       NaN                       NaN
   9.7678824360219443E-110   6719130.0989199309     
                       NaN                       NaN
                       NaN                       NaN
   1.2412007979472142E-109   7277690.6444104323     
   2.0480962369234970E-109   8599958.6301815435     
                       NaN                       NaN
   6.6868318810584264E-110   5921790.5647038333     
   8.2421751189295549E-110   6349314.7233393779     
   3.0781043473571020E-112   985085.71579244349     
   4.7590084069182681E-110   5287110.6502553895     
   1.0757859213160837E-110   3220734.0225975150     
   8.5161384270554346E-111   2979388.5627136352     
                       NaN                       NaN
                       NaN                       NaN
   2.7032940155156672E-113   437868.80224798742     
   2.0177492795986536E-112   855727.14595445641     
   3.2090020720053125E-111   2151970.1423402270     
   9.9638525197262520E-112   1457209.5399273804     
                       NaN                       NaN
                       NaN                       NaN
                       NaN                       NaN
                       NaN                       NaN
                       NaN                       NaN
   1.9791541572860505E-112   850235.92227193713     
                       NaN                       NaN
   1.7505286400076947E-114   175833.91627489016     
   1.5400261374942259E-113   362985.21803458879     
                       NaN                       NaN
   3.9224394059840022E-114   230090.30687395929     
                       NaN                       NaN
                       NaN                       NaN
                       NaN                       NaN
