   3.5819390060197885E-097   11.110000477170875     
   1.4199031891970302E-096   11.120000477600371     
   1.7914499207925179E-096   11.130000478029867     
   2.2819604828435427E-096   11.140000478459365     
   2.3712963781929103E-098   11.140000478459365     
   1.6834736085525054E-097   11.150000478888861     
   9.4657417960923190E-097   11.160000479318358     
   1.5823730444541013E-096   11.170000479747854     
   2.1091290666859995E-096   11.180000480177352     
   2.1890877344074177E-096   11.190000480606848     
   5.1225102409687287E-098   11.190000480606848     
   4.1004662282729913E-097   11.200000481036344     
   1.3716237092681579E-096   11.210000481465842     
   1.9549395199976127E-096   11.220000481895338     
   1.7127547936184957E-098   11.220000481895338     
   1.1725337762224314E-096   11.230000482324835     
   1.9727611487789113E-096   11.240000482754331     
   3.2299258890071495E-098   11.240000482754331     
   1.2396032939216702E-096   11.250000483183829     
   1.9491222742652246E-096   11.260000483613325     
   7.0232483424387846E-098   11.260000483613325     
   1.2322674530484506E-096   11.270000484042821     
   1.9224456868890695E-096   11.280000484472319     
   1.2920525446937416E-097   11.280000484472319     
   1.2190779850173821E-096   11.290000484901816     
   1.9448844687065444E-096   11.300000485331312     
   2.2399805218916345E-097   11.300000485331312     
   1.2624023366052886E-096   11.310000485760808     
   1.9969868443037364E-096   11.320000486190306     
   3.2547887578020535E-097   11.320000486190306     
   1.3595547265500375E-096   11.330000486619802     
   6.2984683882759331E-105   11.330000486619802     
   9.3950401128428601E-097   11.340000487049299     
   1.8423527373488197E-096   11.350000487478797     
   5.1245371393574452E-097   11.350000487478797     
   1.5966158395283957E-096   11.360000487908293     
   3.4314170178906869E-098   11.360000487908293     
   1.2344329079094904E-096   11.370000488337789     
   1.9662286505474426E-096   11.380000488767285     
   8.2303604508082812E-097   11.380000488767285     
   1.7451157650421288E-096   11.390000489196783     
   3.8614910074708034E-097   11.390000489196783     
   1.4677601165798880E-096   11.400000489626279     
   6.8388259879553116E-099   11.400000489626279     
   1.0449088359866843E-096   11.410000490055776     
   1.8489197392264087E-096   11.420000490485274     
   6.8998357984092946E-097   11.420000490485274     
   1.5044626124195571E-096   11.430000490914770     
   2.5733775211066915E-097   11.430000490914770     
   1.4012200789780886E-096   11.440000491344266     
   1.1092187764365668E-097   11.440000491344266     
   1.3319736928780399E-096   11.450000491773762     
   3.0683330497180786E-098   11.450000491773762     
   1.2725799905987613E-096   11.460000492203260     
   6.3072144839141199E-100   11.460000492203260     
   1.1468330529844922E-096   11.470000492632757     
   1.8615805490808883E-096   11.480000493062253     
   8.8210223159150581E-097   11.480000493062253     
   1.7659089402132451E-096   11.490000493491751     
   6.6188812484943177E-097   11.490000493491751     
   1.6887872308323584E-096   11.500000493921247     
   5.9194436805144185E-097   11.500000493921247     
   1.6275810287680840E-096   11.510000494350743     
   5.2367370027549800E-097   11.510000494350743     
   1.4921383619071979E-096   11.520000494780239     
   4.6001109095558128E-097   11.520000494780239     
   1.4305383150542650E-096   11.530000495209737     
   4.7277985770448074E-097   11.530000495209737     
   1.5015364381711668E-096   11.540000495639234     
   4.7873033456260944E-097   11.540000495639234     
   1.5252248226883092E-096   11.550000496068730     
   4.8409292004392228E-097   11.550000496068730     
   1.5368134567065199E-096   11.560000496498228     
   4.8862475549790152E-097   11.560000496498228     
   1.5469496961379429E-096   11.570000496927724     
   4.9252569163436139E-097   11.570000496927724     
   1.5530392214229509E-096   11.580000497357220     
   4.9491593940840901E-097   11.580000497357220     
   1.5531804656886284E-096   11.590000497786717     
   4.9588544826818329E-097   11.590000497786717     
   1.5520731054359713E-096   11.600000498216215     
   4.9549109513515076E-097   11.600000498216215     
   1.5548189509331222E-096   11.610000498645711     
   5.5982870984083203E-097   11.610000498645711     
   1.6192151602595171E-096   11.620000499075207     
   9.1446380285049361E-097   11.620000499075207     
   1.7603747620149634E-096   11.630000499504705     
   1.0176816664440224E-096   11.630000499504705     
   2.2327612088335446E-098   11.630000499504705     
   1.0619239088623251E-096   11.640000499934201     
   1.4207656935716154E-097   11.640000499934201     
   1.1126987273600088E-096   11.650000500363697     
   3.4958210453325869E-097   11.650000500363697     
   1.3666001206542632E-096   11.660000500793194     
   3.9691648145043949E-097   11.660000500793194     
   1.4474828205695762E-096   11.670000501222692     
   4.4212680550459563E-097   11.670000501222692     
   1.5070935760432619E-096   11.680000501652188     
   6.0640534870715025E-097   11.680000501652188     
   1.6015755195713973E-096   11.690000502081684     
   9.4515230994751337E-097   11.690000502081684     
   1.8657333800684477E-098   11.690000502081684     
   1.0254941578208995E-096   11.700000502511182     
   2.8091413896720605E-097   11.700000502511182     
   1.3173393510691175E-096   11.710000502940678     
   3.8744156249036950E-097   11.710000502940678     
   1.4587132606981562E-096   11.720000503370175     
   6.0046406297185461E-097   11.720000503370175     
   1.6050169762960081E-096   11.730000503799671     
   9.3100976252107410E-097   11.730000503799671     
   3.0829608455508907E-098   11.730000503799671     
   1.0096173940109373E-096   11.740000504229169     
   2.9208914718672530E-097   11.740000504229169     
   1.3074692029242977E-096   11.750000504658665     
   3.8036161797176670E-097   11.750000504658665     
   1.4409513573361141E-096   11.760000505088161     
   6.9024838213967753E-097   11.760000505088161     
   1.6896168594135702E-096   11.770000505517659     
   9.5776265780992964E-097   11.770000505517659     
   1.9964576363686931E-097   11.770000505517659     
   1.2747951596023562E-096   11.780000505947156     
   3.8148092704580270E-097   11.780000505947156     
   1.4504278429626935E-096   11.790000506376652     
   8.6850558665504122E-097   11.790000506376652     
   5.5351479542019901E-099   11.790000506376652     
   9.7476070090132987E-097   11.800000506806150     
   2.8790972297836622E-097   11.800000506806150     
   1.3165079463551906E-096   11.810000507235646     
   4.0457680418201851E-097   11.810000507235646     
   1.4855143500271995E-096   11.820000507665142     
   8.8624788978111484E-097   11.820000507665142     
   3.1939240463027681E-098   11.820000507665142     
   9.9611023363853320E-097   11.830000508094638     
   3.3667453983467250E-097   11.830000508094638     
   1.3985380948593073E-096   11.840000508524136     
   7.4177874873195474E-097   11.840000508524136     
   3.2056588257561612E-099   11.840000508524136     
   9.7600449592699595E-097   11.850000508953633     
   3.1845911374630087E-097   11.850000508953633     
   1.3649039690969510E-096   11.860000509383129     
   6.1772371495645303E-097   11.860000509383129     
   1.5313715970423453E-101   11.860000509383129     
   9.5876805553011311E-097   11.870000509812627     
   3.0207352437199765E-097   11.870000509812627     
   1.3299682429767606E-096   11.880000510242123     
   5.1815506419269910E-097   11.880000510242123     
   1.5941583338108466E-096   11.890000510671619     
   9.4588502026130817E-097   11.890000510671619     
   2.7645679679285833E-097   11.890000510671619     
   1.3178849011091567E-096   11.900000511101116     
   5.4484193308048898E-097   11.900000511101116     
   3.5933087037239420E-101   11.900000511101116     
   9.7752043360680785E-097   11.910000511530614     
   3.4105312396037697E-097   11.910000511530614     
   1.3886953297160076E-096   11.920000511960110     
   8.3831991866293334E-097   11.920000511960110     
   2.9855638011448133E-098   11.920000511960110     
   1.0862396983325612E-096   11.930000512389606     
   3.9564131790505501E-097   11.930000512389606     
   1.4456730826431501E-096   11.940000512819104     
   9.2181518455585931E-097   11.940000512819104     
   1.5775059837424657E-097   11.940000512819104     
   1.2909171490404283E-096   11.950000513248600     
   4.5710628506626340E-097   11.950000513248600     
   1.5777894466959849E-096   11.960000513678096     
   9.8666587350885399E-097   11.960000513678096     
   3.6629047952553952E-097   11.960000513678096     
   1.4070365068567899E-096   11.970000514107593     
   9.1604918329990461E-097   11.970000514107593     
   1.2540630683300952E-097   11.970000514107593     
   1.3010925351332017E-096   11.980000514537091     
   5.2987915697754032E-097   11.980000514537091     
   1.2491783757472295E-099   11.980000514537091     
   1.0323767779563964E-096   11.990000514966587     
   4.2053964821697660E-097   11.990000514966587     
   1.4614652052332636E-096   12.000000515396083     
   9.7237975747030565E-097   12.000000515396083     
   3.2346274366385652E-097   12.000000515396083     
   1.3821108157111167E-096   12.010000515825581     
   8.2965725824656954E-097   12.010000515825581     
   5.3459503342116778E-098   12.010000515825581     
   1.2725126283134349E-096   12.020000516255077     
   5.1286891614165774E-097   12.020000516255077     
   2.8083062402643280E-099   12.020000516255077     
   1.0737472980467851E-096   12.030000516684574     
   4.8360528733008021E-097   12.030000516684574     
   1.5629089909484310E-096   12.040000517114070     
   1.0510669111117303E-096   12.040000517114070     
   4.5656894656895962E-097   12.040000517114070     
   1.4928258827192277E-096   12.050000517543568     
   1.0325371138765420E-096   12.050000517543568     
   4.3447634326062488E-097   12.050000517543568     
   1.4537287092976773E-096   12.060000517973064     
   1.0175353954799293E-096   12.060000517973064     
   3.8005741598368465E-097   12.060000517973064     
   1.4274651180525990E-096   12.070000518402560     
   1.0075441568264427E-096   12.070000518402560     
   2.8355617547067581E-097   12.070000518402560     
   1.4233652132271416E-096   12.080000518832058     
   1.0182983741017838E-096   12.080000518832058     
   3.2470140435977665E-097   12.080000518832058     
   1.4389987610733501E-096   12.090000519261555     
   1.0380692831787321E-096   12.090000519261555     
   3.8403376982623033E-097   12.090000519261555     
   1.4634251683317564E-096   12.100000519691051     
   1.0623430464472024E-096   12.100000519691051     
   4.6674850725106168E-097   12.100000519691051     
   1.4948354389075065E-096   12.110000520120547     
   1.0950796983450376E-096   12.110000520120547     
   5.1891818398282721E-097   12.110000520120547     
   1.5310103022386052E-096   12.120000520550045     
   1.1394243976422053E-096   12.120000520550045     
   5.6483878153294466E-097   12.120000520550045     
   2.1755693769080913E-100   12.120000520550045     
   1.2010189592552995E-096   12.130000520979541     
   6.5017953060842638E-097   12.130000520979541     
   3.8271096050187663E-098   12.130000520979541     
   1.3862478103414157E-096   12.140000521409037     
   9.0097620725815855E-097   12.140000521409037     
   2.3334617732856273E-097   12.140000521409037     
   1.4836989683409833E-096   12.150000521838535     
   1.1443293149186810E-096   12.150000521838535     
   5.8327546657570884E-097   12.150000521838535     
   6.2056377795139466E-101   12.150000521838535     
   1.2416604049944856E-096   12.160000522268032     
   7.0692915300372653E-097   12.160000522268032     
   6.2502342586452213E-098   12.160000522268032     
   1.4388187401543335E-096   12.170000522697528     
   1.0392642324534172E-096   12.170000522697528     
   4.7370916053622401E-097   12.170000522697528     
   3.4356878364617007E-101   12.170000522697528     
   1.2723403265606331E-096   12.180000523127024     
   7.6101772745909499E-097   12.180000523127024     
   1.2981456340672099E-097   12.180000523127024     
   1.5028564024343197E-096   12.190000523556522     
   1.2230290373282155E-096   12.190000523556522     
   7.0019104041924175E-097   12.190000523556522     
   2.3881865051418239E-098   12.190000523556522     
   1.4118743344073253E-096   12.200000523986018     
   1.0632691365158880E-096   12.200000523986018     
   5.7504212793466845E-097   12.200000523986018     
   4.7675855308926940E-099   12.200000523986018     
   1.3526901224265547E-096   12.210000524415515     
   9.5426730905255982E-097   12.210000524415515     
   4.9322074501803932E-097   12.210000524415515     
   4.8368013655743096E-099   12.210000524415515     
   1.3689726251665542E-096   12.220000524845013     
   1.0213595546525695E-096   12.220000524845013     
   6.2743616589110850E-097   12.220000524845013     
   2.3859474404737184E-098   12.220000524845013     
   1.4453811481868297E-096   12.230000525274509     
   1.2479887722722731E-096   12.230000525274509     
   8.0868688451184257E-097   12.230000525274509     
   1.1771687804047348E-097   12.230000525274509     
   1.7304915329927161E-100   12.230000525274509     
   1.3479950710822057E-096   12.240000525704005     
   9.3151963162019690E-097   12.240000525704005     
   5.2738625186192465E-097   12.240000525704005     
   2.8579394175159715E-098   12.240000525704005     
   1.4834442524002746E-096   12.250000526133501     
   1.3244866192467604E-096   12.250000526133501     
   9.1736530769980451E-097   12.250000526133501     
   4.8865015119037402E-097   12.250000526133501     
   7.3204184739490645E-098   12.250000526133501     
   5.8806544301183360E-098   12.250000526133501     
   4.5259192786197961E-098   12.250000526133501     
   3.2477346287824062E-098   12.250000526133501     
   2.1562153908710982E-098   12.250000526133501     
   1.6104587744602045E-098   12.250000526133501     
   1.1627605142602203E-098   12.250000526133501     
   8.0023987108277746E-099   12.250000526133501     
   5.1919824995747810E-099   12.250000526133501     
   3.1411053434916371E-099   12.250000526133501     
   1.7035236890158226E-099   12.250000526133501     
   7.6883474883847051E-100   12.250000526133501     
   2.7132468613384226E-100   12.250000526133501     
   5.3994323127006282E-101   12.250000526133501     
   1.4174934932193618E-096   12.260000526562999     
   1.3858264459074973E-096   12.260000526562999     
   1.3464920869420588E-096   12.260000526562999     
   1.3059073528228626E-096   12.260000526562999     
   1.2905104456623231E-096   12.260000526562999     
   1.2813014768185648E-096   12.260000526562999     
   1.2720433614532276E-096   12.260000526562999     
   1.2615991083079092E-096   12.260000526562999     
   1.2481465872538712E-096   12.260000526562999     
   1.2345355335534511E-096   12.260000526562999     
   1.2205123932805150E-096   12.260000526562999     
   1.2060425144717641E-096   12.260000526562999     
   1.1916731672750817E-096   12.260000526562999     
   1.1770705017524480E-096   12.260000526562999     
   1.1441591457945899E-096   12.260000526562999     
   1.0756125350181710E-096   12.260000526562999     
   1.0074265140937608E-096   12.260000526562999     
   9.3957003105728113E-097   12.260000526562999     
   8.8698566517496371E-097   12.260000526562999     
   8.3945899137058781E-097   12.260000526562999     
   8.2625138526747778E-097   12.260000526562999     
   8.1303438650448248E-097   12.260000526562999     
   7.9973430198986258E-097   12.260000526562999     
   7.8271609136947839E-097   12.260000526562999     
   7.6444467013031087E-097   12.260000526562999     
   7.4635130279947444E-097   12.260000526562999     
   7.2608709604577467E-097   12.260000526562999     
   7.0712985206061975E-097   12.260000526562999     
   6.8417400072806883E-097   12.260000526562999     
   6.0590037597232714E-097   12.260000526562999     
   5.3306679357009363E-097   12.260000526562999     
   4.6453218585142442E-097   12.260000526562999     
   4.0524989770264755E-097   12.260000526562999     
   3.4944166457072673E-097   12.260000526562999     
   2.8098586248276225E-097   12.260000526562999     
   2.1606053598919468E-097   12.260000526562999     
   1.6465710941106220E-097   12.260000526562999     
   1.2166193006623351E-097   12.260000526562999     
   8.4918708498774952E-098   12.260000526562999     
   6.1178643539273137E-098   12.260000526562999     
   4.6891192550440549E-098   12.260000526562999     
   3.3648779798367098E-098   12.260000526562999     
   2.0949708059736202E-098   12.260000526562999     
   1.4343320618992708E-098   12.260000526562999     
   9.6004732392774925E-099   12.260000526562999     
   5.9809029219528603E-099   12.260000526562999     
   3.3900983661037649E-099   12.260000526562999     
   1.6753249235114233E-099   12.260000526562999     
   6.4701671570903312E-100   12.260000526562999     
   1.7185645254139735E-100   12.260000526562999     
   9.2008566301915042E-102   12.260000526562999     
   1.1228588359457993E-096   12.270000526992495     
   1.0852830150456947E-096   12.270000526992495     
   1.0467404628914979E-096   12.270000526992495     
   1.0379400853025052E-096   12.270000526992495     
   1.0292114318802165E-096   12.270000526992495     
   1.0199857325490281E-096   12.270000526992495     
   1.0069636519326622E-096   12.270000526992495     
   9.9397445300650566E-097   12.270000526992495     
   9.8020805539323858E-097   12.270000526992495     
   9.6641178806657157E-097   12.270000526992495     
   9.5240515088677920E-097   12.270000526992495     
   9.1078282849612358E-097   12.270000526992495     
   8.4477733892242483E-097   12.270000526992495     
   7.7665894407514044E-097   12.270000526992495     
   7.2080609284838216E-097   12.270000526992495     
   6.7887575898030159E-097   12.270000526992495     
   6.6606850835576125E-097   12.270000526992495     
   6.5321666722798964E-097   12.270000526992495     
   6.3768058985990657E-097   12.270000526992495     
   6.1980622456167160E-097   12.270000526992495     
   6.0115644424972636E-097   12.270000526992495     
   5.8229498531325618E-097   12.270000526992495     
   5.6384633937859835E-097   12.270000526992495     
   5.0118257801024927E-097   12.270000526992495     
   4.2850579152082165E-097   12.270000526992495     
   3.6343586506475473E-097   12.270000526992495     
   3.0644740966374042E-097   12.270000526992495     
   2.4631827610186040E-097   12.270000526992495     
   1.7956301063566252E-097   12.270000526992495     
   1.2916428792952057E-097   12.270000526992495     
   8.8370422507989292E-098   12.270000526992495     
   5.5562138331718936E-098   12.270000526992495     
   4.0508782423640972E-098   12.270000526992495     
   2.7458773672761440E-098   12.270000526992495     
   1.5462560514974372E-098   12.270000526992495     
   9.7917018738342652E-099   12.270000526992495     
   5.7407310852161477E-099   12.270000526992495     
   2.9525083524839720E-099   12.270000526992495     
   1.2538488542015458E-099   12.270000526992495     
   3.6419861283613822E-100   12.270000526992495     
   5.2170251099571268E-101   12.270000526992495     
   9.3550648659514248E-097   12.280000527421992     
   9.0122124884010706E-097   12.280000527421992     
   8.6305252331686496E-097   12.280000527421992     
   8.5139448964752948E-097   12.280000527421992     
   8.4316399245173462E-097   12.280000527421992     
   8.3168734853650290E-097   12.280000527421992     
   8.1910419030958316E-097   12.280000527421992     
   8.0575747364996681E-097   12.280000527421992     
   7.9234668627383218E-097   12.280000527421992     
   7.7888464424437615E-097   12.280000527421992     
   7.3141394923831615E-097   12.280000527421992     
   6.6579686044430237E-097   12.280000527421992     
   6.0686471987840968E-097   12.280000527421992     
   5.5679554157407839E-097   12.280000527421992     
   5.4453544100130443E-097   12.280000527421992     
   5.3154251879507012E-097   12.280000527421992     
   5.1390842034294204E-097   12.280000527421992     
   4.9550179098510612E-097   12.280000527421992     
   4.7724358263756710E-097   12.280000527421992     
   4.5910386402293458E-097   12.280000527421992     
   4.0455334396362953E-097   12.280000527421992     
   3.3479110896244378E-097   12.280000527421992     
   2.7662492263262434E-097   12.280000527421992     
   2.2406601891758155E-097   12.280000527421992     
   1.5686664753106411E-097   12.280000527421992     
   1.0716223841282819E-097   12.280000527421992     
   6.8354468863521798E-098   12.280000527421992     
   4.0159646473414956E-098   12.280000527421992     
   2.6733422113262552E-098   12.280000527421992     
   1.4520636177225758E-098   12.280000527421992     
   7.2722018469779219E-099   12.280000527421992     
   3.7408479099650878E-099   12.280000527421992     
   1.5460710430280608E-099   12.280000527421992     
   4.3733801201573607E-100   12.280000527421992     
   5.4178749437792913E-101   12.280000527421992     
   7.8242320184557215E-097   12.290000527851490     
   7.5734012438344621E-097   12.290000527851490     
   7.2030833397457836E-097   12.290000527851490     
   7.0508320022123729E-097   12.290000527851490     
   6.9450532796437604E-097   12.290000527851490     
   6.8223360864577128E-097   12.290000527851490     
   6.6942092860595491E-097   12.290000527851490     
   6.5652099710265335E-097   12.290000527851490     
   6.4369850284133122E-097   12.290000527851490     
   6.0870325418000617E-097   12.290000527851490     
   5.4516597887116880E-097   12.290000527851490     
   4.9160555938991713E-097   12.290000527851490     
   4.5198392275632949E-097   12.290000527851490     
   4.3805647288862051E-097   12.290000527851490     
   4.2115875287063151E-097   12.290000527851490     
   4.0291254760475912E-097   12.290000527851490     
   3.8540460954698780E-097   12.290000527851490     
   3.6807357624258178E-097   12.290000527851490     
   3.1315029502648119E-097   12.290000527851490     
   2.5038258795435219E-097   12.290000527851490     
   1.9806490383492049E-097   12.290000527851490     
   1.3633670687644989E-097   12.290000527851490     
   8.7598510882743802E-098   12.290000527851490     
   5.1148913900340413E-098   12.290000527851490     
   2.7508128003188713E-098   12.290000527851490     
   1.6092875197865578E-098   12.290000527851490     
   6.2404956865680379E-099   12.290000527851490     
   2.6049714798206593E-099   12.290000527851490     
   8.2028679774629824E-100   12.290000527851490     
   1.2631802241539476E-100   12.290000527851490     
   6.4922051880224808E-103   12.290000527851490     
   6.5114643778121188E-097   12.300000528280986     
   6.2220720250720717E-097   12.300000528280986     
   5.9198195437517267E-097   12.300000528280986     
   5.7887714833904438E-097   12.300000528280986     
   5.6666221218744256E-097   12.300000528280986     
   5.5451650753703623E-097   12.300000528280986     
   5.4204347254402546E-097   12.300000528280986     
   5.2892948533751902E-097   12.300000528280986     
   4.9341062293171211E-097   12.300000528280986     
   4.3396298068711969E-097   12.300000528280986     
   3.8566977542664273E-097   12.300000528280986     
   3.5801139852420127E-097   12.300000528280986     
   3.4109267835996901E-097   12.300000528280986     
   3.2400854715211907E-097   12.300000528280986     
   3.0750369680374333E-097   12.300000528280986     
   2.9143021325772655E-097   12.300000528280986     
   2.4021115331380037E-097   12.300000528280986     
   1.8521045926752512E-097   12.300000528280986     
   1.3085827413805234E-097   12.300000528280986     
   7.8493546171531824E-098   12.300000528280986     
   4.2230095597845029E-098   12.300000528280986     
   1.9132611537729574E-098   12.300000528280986     
   9.1004196286677413E-099   12.300000528280986     
   2.3881027734813946E-099   12.300000528280986     
   6.0051941529840654E-100   12.300000528280986     
   5.3531979663951056E-101   12.300000528280986     
   5.6162322329434460E-097   12.310000528710482     
   5.4792856382995255E-097   12.310000528710482     
   5.2675873768654748E-097   12.310000528710482     
   4.9705698619474708E-097   12.310000528710482     
   4.7720439623063479E-097   12.310000528710482     
   4.6550380733275106E-097   12.310000528710482     
   4.5360870311371059E-097   12.310000528710482     
   4.4053521834332740E-097   12.310000528710482     
   4.2689928377788487E-097   12.310000528710482     
   3.7730462730764789E-097   12.310000528710482     
   3.3080551079718597E-097   12.310000528710482     
   2.8769620066712766E-097   12.310000528710482     
   2.7138743960033878E-097   12.310000528710482     
   2.5497040834881875E-097   12.310000528710482     
   2.3915449313448356E-097   12.310000528710482     
   2.2406354850216253E-097   12.310000528710482     
   1.7016553346383978E-097   12.310000528710482     
   1.2300677655690341E-097   12.310000528710482     
   7.0406207886161620E-098   12.310000528710482     
   3.5501058381725637E-098   12.310000528710482     
   1.4162996044132567E-098   12.310000528710482     
   4.5768045637588580E-099   12.310000528710482     
   6.4461730645473573E-100   12.310000528710482     
   3.0791653402724058E-101   12.310000528710482     
   4.7747182974121100E-097   12.320000529139978     
   4.6348407506794367E-097   12.320000529139978     
   4.4909542935800668E-097   12.320000529139978     
   4.2347002432462471E-097   12.320000529139978     
   3.9369364723639739E-097   12.320000529139978     
   3.8284477777362978E-097   12.320000529139978     
   3.7017851327881803E-097   12.320000529139978     
   3.5746704544468471E-097   12.320000529139978     
   3.4446696909361711E-097   12.320000529139978     
   3.0065106805168038E-097   12.320000529139978     
   2.5655542523401339E-097   12.320000529139978     
   2.1795203660171200E-097   12.320000529139978     
   2.0247015052215311E-097   12.320000529139978     
   1.8768518520399293E-097   12.320000529139978     
   1.7369679809877081E-097   12.320000529139978     
   1.3676026391016157E-097   12.320000529139978     
   8.9623899560776075E-098   12.320000529139978     
   4.6220820284075270E-098   12.320000529139978     
   1.8980652568940173E-098   12.320000529139978     
   4.7579921268246293E-099   12.320000529139978     
   6.2194321511728266E-100   12.320000529139978     
   3.0153415476044339E-103   12.320000529139978     
   4.0246208011606565E-097   12.330000529569476     
   3.8845779156761413E-097   12.330000529569476     
   3.7412063344382807E-097   12.330000529569476     
   3.5467087191091944E-097   12.330000529569476     
   3.1990680486799357E-097   12.330000529569476     
   3.0776154813124465E-097   12.330000529569476     
   2.9547723962630933E-097   12.330000529569476     
   2.8301451866379698E-097   12.330000529569476     
   2.6576445516492874E-097   12.330000529569476     
   2.2716548237609290E-097   12.330000529569476     
   1.7458738377468278E-097   12.330000529569476     
   1.5717325771453905E-097   12.330000529569476     
   1.4346068926648818E-097   12.330000529569476     
   1.3080075474327276E-097   12.330000529569476     
   1.0671191184904717E-097   12.330000529569476     
   6.1336472380073279E-098   12.330000529569476     
   2.7055209838826108E-098   12.330000529569476     
   8.3436963161443777E-099   12.330000529569476     
   5.6267257025409116E-100   12.330000529569476     
   3.5591648090790929E-097   12.340000529998973     
   3.3960884812528172E-097   12.340000529998973     
   3.2586354700241569E-097   12.340000529998973     
   3.1303252587520346E-097   12.340000529998973     
   3.0023872865765877E-097   12.340000529998973     
   2.5709225624286311E-097   12.340000529998973     
   2.4457681559777198E-097   12.340000529998973     
   2.3269194578839283E-097   12.340000529998973     
   2.2257260293892844E-097   12.340000529998973     
   2.0562116456104504E-097   12.340000529998973     
   1.6302769384578174E-097   12.340000529998973     
   1.2123491430166189E-097   12.340000529998973     
   1.0987483925606455E-097   12.340000529998973     
   9.9432879327902900E-098   12.340000529998973     
   8.9184285225138174E-098   12.340000529998973     
   5.1803272442586156E-098   12.340000529998973     
   1.9885400935632966E-098   12.340000529998973     
   4.5318880186238909E-099   12.340000529998973     
   8.4704221900267059E-102   12.340000529998973     
   2.9243011238331986E-097   12.350000530428469     
   2.7613377276065720E-097   12.350000530428469     
   2.6514442295671411E-097   12.350000530428469     
   2.5452977405366073E-097   12.350000530428469     
   2.3214827016392042E-097   12.350000530428469     
   1.9585352824736376E-097   12.350000530428469     
   1.8657796851002509E-097   12.350000530428469     
   1.7710902684389951E-097   12.350000530428469     
   1.6752423476145625E-097   12.350000530428469     
   1.2922603044253799E-097   12.350000530428469     
   8.6071554940854298E-098   12.350000530428469     
   7.6972707700076632E-098   12.350000530428469     
   6.7971061814192524E-098   12.350000530428469     
   5.9399277792123434E-098   12.350000530428469     
   2.8147169692428147E-098   12.350000530428469     
   7.7096475957852745E-099   12.350000530428469     
   3.3276391257816759E-100   12.350000530428469     
   2.4964931107197528E-097   12.360000530857967     
   2.3042909968882767E-097   12.360000530857967     
   2.2015648107820172E-097   12.360000530857967     
   2.0632596581982746E-097   12.360000530857967     
   1.9094163846422865E-097   12.360000530857967     
   1.5406236251415079E-097   12.360000530857967     
   1.4396027090142251E-097   12.360000530857967     
   1.3520074176794170E-097   12.360000530857967     
   1.2699230727942283E-097   12.360000530857967     
   9.1721715373941497E-098   12.360000530857967     
   5.6151498813183776E-098   12.360000530857967     
   4.8388839687566543E-098   12.360000530857967     
   4.0060288914861594E-098   12.360000530857967     
   2.9280524990958446E-098   12.360000530857967     
   7.3830727873642092E-099   12.360000530857967     
   3.4683523990641339E-100   12.360000530857967     
   2.1126371114741121E-097   12.370000531287463     
   1.9174010272810964E-097   12.370000531287463     
   1.7782392620084475E-097   12.370000531287463     
   1.6465315292616350E-097   12.370000531287463     
   1.4783706961051090E-097   12.370000531287463     
   1.2160753975498002E-097   12.370000531287463     
   1.0687626135448898E-097   12.370000531287463     
   9.6902861733561179E-098   12.370000531287463     
   8.5786531985788677E-098   12.370000531287463     
   5.6151377525877450E-098   12.370000531287463     
   3.1091802759827263E-098   12.370000531287463     
   2.3692558508941567E-098   12.370000531287463     
   1.7491784682423016E-098   12.370000531287463     
   9.2769426836277936E-099   12.370000531287463     
   7.1208485155317652E-100   12.370000531287463     
   1.8215061027497601E-097   12.380000531716959     
   1.5855456879232824E-097   12.380000531716959     
   1.4195649680545837E-097   12.380000531716959     
   1.2607225721956918E-097   12.380000531716959     
   1.1246144272290587E-097   12.380000531716959     
   9.6895414934007664E-098   12.380000531716959     
   7.3466133767384619E-098   12.380000531716959     
   6.4048447517458180E-098   12.380000531716959     
   5.5094020599777583E-098   12.380000531716959     
   3.9800095638258531E-098   12.380000531716959     
   1.5907916088701784E-098   12.380000531716959     
   9.6898519707643257E-099   12.380000531716959     
   6.1891124886749710E-099   12.380000531716959     
   3.4270310528150033E-099   12.380000531716959     
   3.6006323017743302E-101   12.380000531716959     
   1.4656931163649187E-097   12.390000532146455     
   1.2605277637841479E-097   12.390000532146455     
   1.0599708775037004E-097   12.390000532146455     
   9.1764467519435926E-098   12.390000532146455     
   8.0854850610289828E-098   12.390000532146455     
   7.1678798622353385E-098   12.390000532146455     
   4.7247422725282582E-098   12.390000532146455     
   3.9301072894695985E-098   12.390000532146455     
   3.3784626275318230E-098   12.390000532146455     
   2.8334739263772791E-098   12.390000532146455     
   1.5133665673391624E-098   12.390000532146455     
   3.3355269183436352E-099   12.390000532146455     
   1.7814596687607459E-099   12.390000532146455     
   8.4886042202414272E-100   12.390000532146455     
   3.1763444589337189E-100   12.390000532146455     
   1.3037940817267914E-097   12.400000532575953     
   1.1390839760811513E-097   12.400000532575953     
   9.9233532545251044E-098   12.400000532575953     
   7.8749113232349666E-098   12.400000532575953     
   6.5628908177395590E-098   12.400000532575953     
   5.7616781427058410E-098   12.400000532575953     
   4.9029086089168812E-098   12.400000532575953     
   3.8665496303865898E-098   12.400000532575953     
   2.2046526370636076E-098   12.400000532575953     
   1.8225820611172018E-098   12.400000532575953     
   1.4787745289320749E-098   12.400000532575953     
   1.1455432196910646E-098   12.400000532575953     
   4.6714996944428923E-099   12.400000532575953     
   3.7638357952377371E-100   12.400000532575953     
   3.8902069064414853E-101   12.400000532575953     
   1.0639671771328220E-104   12.400000532575953     
   1.0761832522517625E-097   12.410000533005450     
   9.8496133346252884E-098   12.410000533005450     
   8.5134991073558400E-098   12.410000533005450     
   7.1675470063373315E-098   12.410000533005450     
   5.5308171728579277E-098   12.410000533005450     
   4.4804406343553625E-098   12.410000533005450     
   3.5429821736611024E-098   12.410000533005450     
   2.7789043295021008E-098   12.410000533005450     
   2.1776552799799136E-098   12.410000533005450     
   1.5506844435427236E-098   12.410000533005450     
   6.8574794415557137E-099   12.410000533005450     
   4.6206081624948070E-099   12.410000533005450     
   2.9002387148230561E-099   12.410000533005450     
   1.6311209866151650E-099   12.410000533005450     
   1.6946446816666349E-100   12.410000533005450     
   8.7242871264193510E-098   12.420000533434946     
   8.3111130644565095E-098   12.420000533434946     
   7.9484993106025845E-098   12.420000533434946     
   7.4863146923886178E-098   12.420000533434946     
   6.6863086724308524E-098   12.420000533434946     
   5.6475834694322196E-098   12.420000533434946     
   4.2741263372664603E-098   12.420000533434946     
   3.1655652370325132E-098   12.420000533434946     
   2.1814508256520294E-098   12.420000533434946     
   1.5391480727342411E-098   12.420000533434946     
   1.1530429135786746E-098   12.420000533434946     
   7.9947511898315121E-099   12.420000533434946     
   5.1223790439387886E-099   12.420000533434946     
   8.1016291635529917E-100   12.420000533434946     
   2.7278124264304213E-100   12.420000533434946     
   6.9506732626461390E-101   12.420000533434946     
   5.0565355560842905E-102   12.420000533434946     
   6.9581463736387096E-098   12.430000533864444     
   6.1704175224439664E-098   12.430000533864444     
   5.5675104993612957E-098   12.430000533864444     
   5.2547310909721259E-098   12.430000533864444     
   2.6528012456406721E-098   12.430000533864444     
   5.9211791303955232E-098   12.440000534293940     
   1.2763853423218617E-098   12.440000534293940     
   4.5124429641287742E-098   12.450000534723436     
   3.6897752591571586E-099   12.450000534723436     
   3.1787130764732409E-098   12.460000535152933     
   1.4961551095578133E-100   12.460000535152933     
   1.8997694691495587E-098   12.470000535582431     
   3.9271259704329220E-098   12.480000536011927     
   9.0182636234353436E-099   12.480000536011927     
   2.9227719906598750E-098   12.490000536441423     
   2.2665230048713013E-099   12.490000536441423     
   1.8149163049287442E-098   12.500000536870921     
   7.0895705568181435E-101   12.500000536870921     
   8.5592565652216489E-099   12.510000537300417     
   2.6264353693964542E-098   12.520000537729914     
   2.1702543794497644E-099   12.520000537729914     
   1.8280035575347137E-098   12.530000538159412     
   1.0653276444989946E-101   12.530000538159412     
   1.0696287367118810E-098   12.540000538588908     
   1.8044542778471117E-098   12.550000539018404     
   3.8708392512526002E-099   12.550000539018404     
   1.1050452011325318E-098   12.560000539447900     
   2.0877594251478106E-100   12.560000539447900     
   4.8628680071833700E-099   12.570000539877398     
   1.3953518609658794E-098   12.580000540306894     
   9.1876028630274408E-100   12.580000540306894     
   8.9177796518605806E-099   12.590000540736391     
   6.4436816967425360E-105   12.590000540736391     
   4.3522326818658098E-099   12.600000541165889     
   8.6074918110826630E-099   12.610000541595385     
   1.0336227330524360E-099   12.610000541595385     
   4.4002965868384101E-099   12.620000542024881     
   8.8566952760081505E-103   12.620000542024881     
   9.7061010745072658E-100   12.630000542454377     
   5.5007523814746068E-099   12.640000542883875     
   4.0392660213509438E-102   12.640000542883875     
   1.9358376680091715E-099   12.650000543313372     
   5.0797117474011105E-099   12.660000543742868     
   5.1596899355364974E-101   12.660000543742868     
   2.3824965399041509E-099   12.670000544172366     
   3.9789229595611292E-099   12.680000544601862     
   2.0137453216749258E-100   12.680000544601862     
   1.4535158494258429E-099   12.690000545031358     
   3.6839283728871722E-099   12.700000545460854     
   5.1763807086888763E-101   12.700000545460854     
   1.5334938814764474E-099   12.710000545890352     
   2.4073246963100447E-099   12.720000546319849     
   3.9869856987573564E-102   12.720000546319849     
   7.3104141803626875E-100   12.730000546749345     
   1.4416105387550512E-099   12.740000547178843     
   1.2004205562482663E-103   12.740000547178843     
   1.8412636351679454E-100   12.750000547608339     
   1.1903441138170722E-099   12.760000548037835     
   1.5626879461990696E-099   12.770000548467332     
   7.6077834428534358E-101   12.770000548467332     
   5.4664765194279192E-100   12.780000548896830     
   9.8749085512189932E-100   12.790000549326326     
   4.6549863544657949E-102   12.790000549326326     
   1.4465411683283153E-100   12.800000549755822     
   6.9112076935293468E-100   12.810000550185320     
   9.0767071431550695E-100   12.820000550614816     
   9.2422179320181407E-101   12.820000550614816     
   2.6640548985579964E-100   12.830000551044312     
   5.9472811511821072E-100   12.840000551473809     
   2.8205533490899086E-103   12.840000551473809     
   6.3545643697018837E-101   12.850000551903307     
   3.1258411114497405E-100   12.860000552332803     
   4.3558706440443432E-100   12.870000552762299     
   1.7841649746605131E-101   12.870000552762299     
   7.6733986346803897E-101   12.880000553191797     
   2.8258778227563652E-100   12.890000553621293     
   3.5130049279271372E-100   12.900000554050790     
   1.5709524819014111E-101   12.900000554050790     
   8.2228059669303907E-101   12.910000554480286     
   1.5864600773152826E-100   12.920000554909784     
   2.5706912532231717E-100   12.930000555339280     
   2.4792886982283005E-102   12.930000555339280     
   6.8198002965866921E-101   12.940000555768776     
   9.5188666183769209E-101   12.950000556198274     
   1.7026970098108542E-100   12.960000556627771     
   3.8158706685402965E-103   12.960000556627771     
   2.0374524108389274E-101   12.970000557057267     
   4.8549397449811017E-101   12.980000557486763     
   7.1352228165029423E-101   12.990000557916261     
   1.0563879410048113E-100   13.000000558345757     
   1.8055864625307792E-103   13.000000558345757     
   1.6433526516613164E-101   13.010000558775253     
   2.5051067378789818E-101   13.020000559204751     
   4.7518209865816639E-101   13.030000559634248     
   5.3643681331370594E-101   13.040000560063744     
   6.1399253257737084E-101   13.050000560493240     
   1.8450699849401986E-102   13.050000560493240     
   4.9878722783138547E-102   13.060000560922738     
   1.6741757605361142E-101   13.070000561352234     
   1.7747338873942900E-101   13.080000561781731     
   2.2430750791432383E-101   13.090000562211229     
   2.4019405597958857E-101   13.100000562640725     
   2.4057043281108585E-101   13.110000563070221     
   6.7699341365838409E-105   13.110000563070221     
   2.8287967524338252E-104   13.120000563499717     
   1.9564370336363614E-103   13.130000563929215     
   4.9788028576897226E-103   13.140000564358711     
   3.0729236572809132E-103   13.150000564788208     
   1.1739060798856765E-102   13.160000565217706     
   9.3000056624957154E-103   13.170000565647202     
   8.7127573063579492E-103   13.180000566076698     
   1.4872756078734652E-102   13.190000566506194     
   1.0174926033179424E-102   13.200000566935692     
   9.0179502880459006E-103   13.210000567365189     
   1.0003089979155937E-102   13.220000567794685     
   5.9669883028608077E-103   13.230000568224183     
   9.2474201118456402E-103   13.240000568653679     
   4.6152732150387653E-103   13.250000569083175     
   3.4240543310676631E-103   13.260000569512673     
   4.7514869070100202E-103   13.270000569942169     
   2.7483112466042142E-103   13.280000570371666     
   2.2215745756009856E-103   13.290000570801162     
   1.2372788540837754E-103   13.300000571230660     
   6.7361025340687747E-104   13.310000571660156     
   1.2964936053297913E-103   13.320000572089652     
   5.8817160997322616E-104   13.330000572519150     
   2.9715763766634921E-104   13.340000572948647     
   2.4759820848603956E-104   13.350000573378143     
   1.0728007877399134E-104   13.360000573807639     
   1.9129664301497262E-104   13.370000574237137     
   4.6626490544161450E-105   13.380000574666633     
   9.3165262350709879E-105   13.390000575096130     
   9.6826611466961175E-105   13.400000575525628     
   2.0379840997207230E-104   13.410000575955124     
   1.4182459802529775E-104   13.420000576384620     
   1.3532937822883745E-104   13.430000576814116     
   2.4022336948334642E-104   13.440000577243614     
   4.4574587487315765E-104   13.450000577673110     
   6.2496072040504682E-104   13.460000578102607     
   7.5016278990773627E-104   13.470000578532105     
   9.3455768865664866E-104   13.480000578961601     
   1.4340209771066656E-103   13.490000579391097     
   1.6412036739323833E-103   13.500000579820593     
   2.0549252939126994E-103   13.510000580250091     
   2.2361589537355405E-103   13.520000580679588     
   3.7085815578418892E-105   13.520000580679588     
   2.8437596954668673E-104   13.530000581109084     
   4.8193666103431691E-104   13.540000581538582     
   8.6323903388323196E-104   13.550000581968078     
                       NaN   13.560000582397574     
   4.2199148737632831E-105   13.560000582397574     
   3.2617141556705881E-104   13.570000582827070     
   6.6704088624240084E-104   13.580000583256568     
   1.2104601821793735E-106   13.580000583256568     
   1.3510480697468949E-104   13.590000583686065     
   4.8943146359839447E-104   13.600000584115561     
   3.5079488089211298E-106   13.600000584115561     
   1.5021961991800104E-104   13.610000584545059     
   5.1937348840137191E-104   13.620000584974555     
   3.8495982294783808E-105   13.620000584974555     
   2.5803138404374608E-104   13.630000585404051     
   6.0620448488879689E-106   13.630000585404051     
   1.7044099395514984E-104   13.640000585833548     
   1.9138443777873481E-106   13.640000585833548     
   1.2080168151090031E-104   13.650000586263046     
   6.2855153253677454E-107   13.650000586263046     
   1.0140382305781796E-104   13.660000586692542     
   2.0966237751653545E-106   13.660000586692542     
   1.0843421669092620E-104   13.670000587122038     
   5.3578852037012406E-106   13.670000587122038     
   1.0683097960584074E-104   13.680000587551536     
   1.1183753945829564E-105   13.680000587551536     
   1.1209575253625473E-104   13.690000587981032     
   1.8479188245764707E-105   13.690000587981032     
   1.3110053733192004E-104   13.700000588410528     
   1.9008884790540854E-105   13.700000588410528     
   1.0087207746843220E-104   13.710000588840025     
   1.1491989944373504E-105   13.710000588840025     
   6.3571971173890666E-105   13.720000589269523     
   6.6248452988394803E-106   13.720000589269523     
   3.7511642746334960E-105   13.730000589699019     
   1.1766296858293237E-106   13.730000589699019     
   1.9287110422588551E-105   13.740000590128515     
                       NaN   13.750000590558013     
   4.9808203627267947E-106   13.750000590558013     
   1.7225927625556321E-105   13.760000590987509     
   2.2271226118575127E-109   13.760000590987509     
   2.6382214519071977E-107   13.770000591417006     
   1.8128131196219649E-107   13.780000591846502     
   3.8916251169803418E-109   13.790000592276000     
   1.4166799331103542E-105   13.810000593134992     
   5.6559286713707664E-106   13.820000593564490     
   2.0042044213975455E-106   13.830000593993987     
   1.5993955526626174E-107   13.840000594423483     
   4.1171805911896723E-106   13.860000595282477     
   6.9502340975255530E-107   13.870000595711973     
                       NaN   13.890000596570967     
   4.4370312097923114E-107   13.900000597000464     
   1.5182286537111206E-106   13.920000597859458     
   4.7437178795751714E-109   13.930000598288954     
   2.0964539040439965E-107   13.950000599147947     
   3.9625135853607028E-107   13.970000600006941     
   3.9837710983825165E-107   13.990000600865935     
   3.4780640109551650E-107   14.010000601724927     
   2.6727210647855988E-107   14.030000602583922     
   1.0685606796764803E-107   14.050000603442914     
   6.4643457732836820E-109   14.070000604301908     
   4.0234974204242676E-107   14.100000605590399     
   5.1677537915584408E-108   14.120000606449391     
                       NaN   14.150000607737882     
   4.5678836988174815E-109   14.170000608596876     
   2.6970857873485456E-108   14.200000609885366     
   5.5440281392052307E-108   14.230000611173855     
   4.8400972147331509E-108   14.260000612462346     
   1.3243174693551656E-108   14.290000613750836     
   3.5561954735028590E-110   14.320000615039326     
                       NaN   14.360000616757313     
   1.0050807988242424E-109   14.390000618045804     
   5.4503038719572332E-109   14.430000619763790     
   9.2217643636415913E-109   14.470000621481777     
   6.9630349024178334E-109   14.510000623199764     
   5.1713602983055966E-110   14.550000624917752     
   9.3454805110710775E-109   14.600000627065235     
                       NaN   14.650000629212720     
   8.7790585726559853E-111   14.690000630930706     
                       NaN   14.750000633507685     
   9.7678824360219443E-110   14.800000635655170     
                       NaN   14.860000638232151     
                       NaN   14.920000640809130     
   1.2412007979472142E-109   14.980000643386111     
   2.0480962369234970E-109   15.050000646392588     
                       NaN   15.120000649399065     
   6.6868318810584264E-110   15.190000652405542     
   8.2421751189295549E-110   15.270000655841516     
   3.0781043473571020E-112   15.350000659277491     
   4.7590084069182681E-110   15.440000663142960     
   1.0757859213160837E-110   15.530000667008432     
   8.5161384270554346E-111   15.630000671303399     
                       NaN   15.740000676027863     
                       NaN   15.850000680752327     
   2.7032940155156672E-113   15.960000685476791     
   2.0177492795986536E-112   16.090000691060247     
   3.2090020720053125E-111   16.230000697073201     
   9.9638525197262520E-112   16.370000703086156     
                       NaN   16.530000709958106     
                       NaN   16.700000717259549     
                       NaN   16.880000724990492     
                       NaN   17.070000733150930     
                       NaN   17.280000742170362     
   1.9791541572860505E-112   17.510000752048786     
                       NaN   17.760000762786202     
   1.7505286400076947E-114   18.020000773953118     
   1.5400261374942259E-113   18.320000786838023     
                       NaN   18.660000801440908     
   3.9224394059840022E-114   18.990000815614302     
                       NaN   19.370000831935180     
                       NaN   19.790000849974042     
                       NaN   20.250000869730890     
