   3.5819390060197885E-097   7.7181389400570998E-309
   1.4199031891970302E-096   7.7250922183814729E-309
   1.7914499207925179E-096   7.7320454967058510E-309
   2.2819604828435427E-096   7.7389987750302241E-309
   2.3712963781929103E-098   7.7389987750302241E-309
   1.6834736085525054E-097   7.7459520533546022E-309
   9.4657417960923190E-097   7.7529053316789753E-309
   1.5823730444541013E-096   7.7598586100033533E-309
   2.1091290666859995E-096   7.7668118883277265E-309
   2.1890877344074177E-096   7.7737651666521045E-309
   5.1225102409687287E-098   7.7737651666521045E-309
   4.1004662282729913E-097   7.7807184449764826E-309
   1.3716237092681579E-096   7.7876717233008557E-309
   1.9549395199976127E-096   7.7946250016252337E-309
   1.7127547936184957E-098   7.7946250016252337E-309
   1.1725337762224314E-096   7.8015782799496069E-309
   1.9727611487789113E-096   7.8085315582739849E-309
   3.2299258890071495E-098   7.8085315582739849E-309
   1.2396032939216702E-096   7.8154848365983580E-309
   1.9491222742652246E-096   7.8224381149227361E-309
   7.0232483424387846E-098   7.8224381149227361E-309
   1.2322674530484506E-096   7.8293913932471092E-309
   1.9224456868890695E-096   7.8363446715714873E-309
   1.2920525446937416E-097   7.8363446715714873E-309
   1.2190779850173821E-096   7.8432979498958604E-309
   1.9448844687065444E-096   7.8502512282202384E-309
   2.2399805218916345E-097   7.8502512282202384E-309
   1.2624023366052886E-096   7.8572045065446116E-309
   1.9969868443037364E-096   7.8641577848689896E-309
   3.2547887578020535E-097   7.8641577848689896E-309
   1.3595547265500375E-096   7.8711110631933677E-309
   6.2984683882759331E-105   7.8711110631933677E-309
   9.3950401128428601E-097   7.8780643415177408E-309
   1.8423527373488197E-096   7.8850176198421188E-309
   5.1245371393574452E-097   7.8850176198421188E-309
   1.5966158395283957E-096   7.8919708981664920E-309
   3.4314170178906869E-098   7.8919708981664920E-309
   1.2344329079094904E-096   7.8989241764908700E-309
   1.9662286505474426E-096   7.9058774548152431E-309
   8.2303604508082812E-097   7.9058774548152431E-309
   1.7451157650421288E-096   7.9128307331396212E-309
   3.8614910074708034E-097   7.9128307331396212E-309
   1.4677601165798880E-096   7.9197840114639943E-309
   6.8388259879553116E-099   7.9197840114639943E-309
   1.0449088359866843E-096   7.9267372897883724E-309
   1.8489197392264087E-096   7.9336905681127455E-309
   6.8998357984092946E-097   7.9336905681127455E-309
   1.5044626124195571E-096   7.9406438464371236E-309
   2.5733775211066915E-097   7.9406438464371236E-309
   1.4012200789780886E-096   7.9475971247614967E-309
   1.1092187764365668E-097   7.9475971247614967E-309
   1.3319736928780399E-096   7.9545504030858747E-309
   3.0683330497180786E-098   7.9545504030858747E-309
   1.2725799905987613E-096   7.9615036814102478E-309
   6.3072144839141199E-100   7.9615036814102478E-309
   1.1468330529844922E-096   7.9684569597346259E-309
   1.8615805490808883E-096   7.9754102380590040E-309
   8.8210223159150581E-097   7.9754102380590040E-309
   1.7659089402132451E-096   7.9823635163833771E-309
   6.6188812484943177E-097   7.9823635163833771E-309
   1.6887872308323584E-096   7.9893167947077551E-309
   5.9194436805144185E-097   7.9893167947077551E-309
   1.6275810287680840E-096   7.9962700730321283E-309
   5.2367370027549800E-097   7.9962700730321283E-309
   1.4921383619071979E-096   8.0032233513565063E-309
   4.6001109095558128E-097   8.0032233513565063E-309
   1.4305383150542650E-096   8.0101766296808794E-309
   4.7277985770448074E-097   8.0101766296808794E-309
   1.5015364381711668E-096   8.0171299080052575E-309
   4.7873033456260944E-097   8.0171299080052575E-309
   1.5252248226883092E-096   8.0240831863296306E-309
   4.8409292004392228E-097   8.0240831863296306E-309
   1.5368134567065199E-096   8.0310364646540087E-309
   4.8862475549790152E-097   8.0310364646540087E-309
   1.5469496961379429E-096   8.0379897429783818E-309
   4.9252569163436139E-097   8.0379897429783818E-309
   1.5530392214229509E-096   8.0449430213027598E-309
   4.9491593940840901E-097   8.0449430213027598E-309
   1.5531804656886284E-096   8.0518962996271330E-309
   4.9588544826818329E-097   8.0518962996271330E-309
   1.5520731054359713E-096   8.0588495779515110E-309
   4.9549109513515076E-097   8.0588495779515110E-309
   1.5548189509331222E-096   8.0658028562758841E-309
   5.5982870984083203E-097   8.0658028562758841E-309
   1.6192151602595171E-096   8.0727561346002622E-309
   9.1446380285049361E-097   8.0727561346002622E-309
   1.7603747620149634E-096   8.0797094129246402E-309
   1.0176816664440224E-096   8.0797094129246402E-309
   2.2327612088335446E-098   8.0797094129246402E-309
   1.0619239088623251E-096   8.0866626912490134E-309
   1.4207656935716154E-097   8.0866626912490134E-309
   1.1126987273600088E-096   8.0936159695733914E-309
   3.4958210453325869E-097   8.0936159695733914E-309
   1.3666001206542632E-096   8.1005692478977645E-309
   3.9691648145043949E-097   8.1005692478977645E-309
   1.4474828205695762E-096   8.1075225262221426E-309
   4.4212680550459563E-097   8.1075225262221426E-309
   1.5070935760432619E-096   8.1144758045465157E-309
   6.0640534870715025E-097   8.1144758045465157E-309
   1.6015755195713973E-096   8.1214290828708938E-309
   9.4515230994751337E-097   8.1214290828708938E-309
   1.8657333800684477E-098   8.1214290828708938E-309
   1.0254941578208995E-096   8.1283823611952669E-309
   2.8091413896720605E-097   8.1283823611952669E-309
   1.3173393510691175E-096   8.1353356395196449E-309
   3.8744156249036950E-097   8.1353356395196449E-309
   1.4587132606981562E-096   8.1422889178440181E-309
   6.0046406297185461E-097   8.1422889178440181E-309
   1.6050169762960081E-096   8.1492421961683961E-309
   9.3100976252107410E-097   8.1492421961683961E-309
   3.0829608455508907E-098   8.1492421961683961E-309
   1.0096173940109373E-096   8.1561954744927692E-309
   2.9208914718672530E-097   8.1561954744927692E-309
   1.3074692029242977E-096   8.1631487528171473E-309
   3.8036161797176670E-097   8.1631487528171473E-309
   1.4409513573361141E-096   8.1701020311415204E-309
   6.9024838213967753E-097   8.1701020311415204E-309
   1.6896168594135702E-096   8.1770553094658985E-309
   9.5776265780992964E-097   8.1770553094658985E-309
   1.9964576363686931E-097   8.1770553094658985E-309
   1.2747951596023562E-096   8.1840085877902765E-309
   3.8148092704580270E-097   8.1840085877902765E-309
   1.4504278429626935E-096   8.1909618661146496E-309
   8.6850558665504122E-097   8.1909618661146496E-309
   5.5351479542019901E-099   8.1909618661146496E-309
   9.7476070090132987E-097   8.1979151444390277E-309
   2.8790972297836622E-097   8.1979151444390277E-309
   1.3165079463551906E-096   8.2048684227634008E-309
   4.0457680418201851E-097   8.2048684227634008E-309
   1.4855143500271995E-096   8.2118217010877789E-309
   8.8624788978111484E-097   8.2118217010877789E-309
   3.1939240463027681E-098   8.2118217010877789E-309
   9.9611023363853320E-097   8.2187749794121520E-309
   3.3667453983467250E-097   8.2187749794121520E-309
   1.3985380948593073E-096   8.2257282577365301E-309
   7.4177874873195474E-097   8.2257282577365301E-309
   3.2056588257561612E-099   8.2257282577365301E-309
   9.7600449592699595E-097   8.2326815360609032E-309
   3.1845911374630087E-097   8.2326815360609032E-309
   1.3649039690969510E-096   8.2396348143852812E-309
   6.1772371495645303E-097   8.2396348143852812E-309
   1.5313715970423453E-101   8.2396348143852812E-309
   9.5876805553011311E-097   8.2465880927096543E-309
   3.0207352437199765E-097   8.2465880927096543E-309
   1.3299682429767606E-096   8.2535413710340324E-309
   5.1815506419269910E-097   8.2535413710340324E-309
   1.5941583338108466E-096   8.2604946493584055E-309
   9.4588502026130817E-097   8.2604946493584055E-309
   2.7645679679285833E-097   8.2604946493584055E-309
   1.3178849011091567E-096   8.2674479276827836E-309
   5.4484193308048898E-097   8.2674479276827836E-309
   3.5933087037239420E-101   8.2674479276827836E-309
   9.7752043360680785E-097   8.2744012060071616E-309
   3.4105312396037697E-097   8.2744012060071616E-309
   1.3886953297160076E-096   8.2813544843315348E-309
   8.3831991866293334E-097   8.2813544843315348E-309
   2.9855638011448133E-098   8.2813544843315348E-309
   1.0862396983325612E-096   8.2883077626559128E-309
   3.9564131790505501E-097   8.2883077626559128E-309
   1.4456730826431501E-096   8.2952610409802859E-309
   9.2181518455585931E-097   8.2952610409802859E-309
   1.5775059837424657E-097   8.2952610409802859E-309
   1.2909171490404283E-096   8.3022143193046640E-309
   4.5710628506626340E-097   8.3022143193046640E-309
   1.5777894466959849E-096   8.3091675976290371E-309
   9.8666587350885399E-097   8.3091675976290371E-309
   3.6629047952553952E-097   8.3091675976290371E-309
   1.4070365068567899E-096   8.3161208759534152E-309
   9.1604918329990461E-097   8.3161208759534152E-309
   1.2540630683300952E-097   8.3161208759534152E-309
   1.3010925351332017E-096   8.3230741542777883E-309
   5.2987915697754032E-097   8.3230741542777883E-309
   1.2491783757472295E-099   8.3230741542777883E-309
   1.0323767779563964E-096   8.3300274326021663E-309
   4.2053964821697660E-097   8.3300274326021663E-309
   1.4614652052332636E-096   8.3369807109265395E-309
   9.7237975747030565E-097   8.3369807109265395E-309
   3.2346274366385652E-097   8.3369807109265395E-309
   1.3821108157111167E-096   8.3439339892509175E-309
   8.2965725824656954E-097   8.3439339892509175E-309
   5.3459503342116778E-098   8.3439339892509175E-309
   1.2725126283134349E-096   8.3508872675752906E-309
   5.1286891614165774E-097   8.3508872675752906E-309
   2.8083062402643280E-099   8.3508872675752906E-309
   1.0737472980467851E-096   8.3578405458996687E-309
   4.8360528733008021E-097   8.3578405458996687E-309
   1.5629089909484310E-096   8.3647938242240418E-309
   1.0510669111117303E-096   8.3647938242240418E-309
   4.5656894656895962E-097   8.3647938242240418E-309
   1.4928258827192277E-096   8.3717471025484199E-309
   1.0325371138765420E-096   8.3717471025484199E-309
   4.3447634326062488E-097   8.3717471025484199E-309
   1.4537287092976773E-096   8.3787003808727979E-309
   1.0175353954799293E-096   8.3787003808727979E-309
   3.8005741598368465E-097   8.3787003808727979E-309
   1.4274651180525990E-096   8.3856536591971710E-309
   1.0075441568264427E-096   8.3856536591971710E-309
   2.8355617547067581E-097   8.3856536591971710E-309
   1.4233652132271416E-096   8.3926069375215491E-309
   1.0182983741017838E-096   8.3926069375215491E-309
   3.2470140435977665E-097   8.3926069375215491E-309
   1.4389987610733501E-096   8.3995602158459222E-309
   1.0380692831787321E-096   8.3995602158459222E-309
   3.8403376982623033E-097   8.3995602158459222E-309
   1.4634251683317564E-096   8.4065134941703003E-309
   1.0623430464472024E-096   8.4065134941703003E-309
   4.6674850725106168E-097   8.4065134941703003E-309
   1.4948354389075065E-096   8.4134667724946734E-309
   1.0950796983450376E-096   8.4134667724946734E-309
   5.1891818398282721E-097   8.4134667724946734E-309
   1.5310103022386052E-096   8.4204200508190514E-309
   1.1394243976422053E-096   8.4204200508190514E-309
   5.6483878153294466E-097   8.4204200508190514E-309
   2.1755693769080913E-100   8.4204200508190514E-309
   1.2010189592552995E-096   8.4273733291434246E-309
   6.5017953060842638E-097   8.4273733291434246E-309
   3.8271096050187663E-098   8.4273733291434246E-309
   1.3862478103414157E-096   8.4343266074678026E-309
   9.0097620725815855E-097   8.4343266074678026E-309
   2.3334617732856273E-097   8.4343266074678026E-309
   1.4836989683409833E-096   8.4412798857921807E-309
   1.1443293149186810E-096   8.4412798857921807E-309
   5.8327546657570884E-097   8.4412798857921807E-309
   6.2056377795139466E-101   8.4412798857921807E-309
   1.2416604049944856E-096   8.4482331641165538E-309
   7.0692915300372653E-097   8.4482331641165538E-309
   6.2502342586452213E-098   8.4482331641165538E-309
   1.4388187401543335E-096   8.4551864424409269E-309
   1.0392642324534172E-096   8.4551864424409269E-309
   4.7370916053622401E-097   8.4551864424409269E-309
   3.4356878364617007E-101   8.4551864424409269E-309
   1.2723403265606331E-096   8.4621397207653050E-309
   7.6101772745909499E-097   8.4621397207653050E-309
   1.2981456340672099E-097   8.4621397207653050E-309
   1.5028564024343197E-096   8.4690929990896781E-309
   1.2230290373282155E-096   8.4690929990896781E-309
   7.0019104041924175E-097   8.4690929990896781E-309
   2.3881865051418239E-098   8.4690929990896781E-309
   1.4118743344073253E-096   8.4760462774140561E-309
   1.0632691365158880E-096   8.4760462774140561E-309
   5.7504212793466845E-097   8.4760462774140561E-309
   4.7675855308926940E-099   8.4760462774140561E-309
   1.3526901224265547E-096   8.4829995557384342E-309
   9.5426730905255982E-097   8.4829995557384342E-309
   4.9322074501803932E-097   8.4829995557384342E-309
   4.8368013655743096E-099   8.4829995557384342E-309
   1.3689726251665542E-096   8.4899528340628073E-309
   1.0213595546525695E-096   8.4899528340628073E-309
   6.2743616589110850E-097   8.4899528340628073E-309
   2.3859474404737184E-098   8.4899528340628073E-309
   1.4453811481868297E-096   8.4969061123871854E-309
   1.2479887722722731E-096   8.4969061123871854E-309
   8.0868688451184257E-097   8.4969061123871854E-309
   1.1771687804047348E-097   8.4969061123871854E-309
   1.7304915329927161E-100   8.4969061123871854E-309
   1.3479950710822057E-096   8.5038593907115585E-309
   9.3151963162019690E-097   8.5038593907115585E-309
   5.2738625186192465E-097   8.5038593907115585E-309
   2.8579394175159715E-098   8.5038593907115585E-309
   1.4834442524002746E-096   8.5108126690359366E-309
   1.3244866192467604E-096   8.5108126690359366E-309
   9.1736530769980451E-097   8.5108126690359366E-309
   4.8865015119037402E-097   8.5108126690359366E-309
   7.3204184739490645E-098   8.5108126690359366E-309
   5.8806544301183360E-098   8.5108126690359366E-309
   4.5259192786197961E-098   8.5108126690359366E-309
   3.2477346287824062E-098   8.5108126690359366E-309
   2.1562153908710982E-098   8.5108126690359366E-309
   1.6104587744602045E-098   8.5108126690359366E-309
   1.1627605142602203E-098   8.5108126690359366E-309
   8.0023987108277746E-099   8.5108126690359366E-309
   5.1919824995747810E-099   8.5108126690359366E-309
   3.1411053434916371E-099   8.5108126690359366E-309
   1.7035236890158226E-099   8.5108126690359366E-309
   7.6883474883847051E-100   8.5108126690359366E-309
   2.7132468613384226E-100   8.5108126690359366E-309
   5.3994323127006282E-101   8.5108126690359366E-309
   1.4174934932193618E-096   8.5177659473603097E-309
   1.3858264459074973E-096   8.5177659473603097E-309
   1.3464920869420588E-096   8.5177659473603097E-309
   1.3059073528228626E-096   8.5177659473603097E-309
   1.2905104456623231E-096   8.5177659473603097E-309
   1.2813014768185648E-096   8.5177659473603097E-309
   1.2720433614532276E-096   8.5177659473603097E-309
   1.2615991083079092E-096   8.5177659473603097E-309
   1.2481465872538712E-096   8.5177659473603097E-309
   1.2345355335534511E-096   8.5177659473603097E-309
   1.2205123932805150E-096   8.5177659473603097E-309
   1.2060425144717641E-096   8.5177659473603097E-309
   1.1916731672750817E-096   8.5177659473603097E-309
   1.1770705017524480E-096   8.5177659473603097E-309
   1.1441591457945899E-096   8.5177659473603097E-309
   1.0756125350181710E-096   8.5177659473603097E-309
   1.0074265140937608E-096   8.5177659473603097E-309
   9.3957003105728113E-097   8.5177659473603097E-309
   8.8698566517496371E-097   8.5177659473603097E-309
   8.3945899137058781E-097   8.5177659473603097E-309
   8.2625138526747778E-097   8.5177659473603097E-309
   8.1303438650448248E-097   8.5177659473603097E-309
   7.9973430198986258E-097   8.5177659473603097E-309
   7.8271609136947839E-097   8.5177659473603097E-309
   7.6444467013031087E-097   8.5177659473603097E-309
   7.4635130279947444E-097   8.5177659473603097E-309
   7.2608709604577467E-097   8.5177659473603097E-309
   7.0712985206061975E-097   8.5177659473603097E-309
   6.8417400072806883E-097   8.5177659473603097E-309
   6.0590037597232714E-097   8.5177659473603097E-309
   5.3306679357009363E-097   8.5177659473603097E-309
   4.6453218585142442E-097   8.5177659473603097E-309
   4.0524989770264755E-097   8.5177659473603097E-309
   3.4944166457072673E-097   8.5177659473603097E-309
   2.8098586248276225E-097   8.5177659473603097E-309
   2.1606053598919468E-097   8.5177659473603097E-309
   1.6465710941106220E-097   8.5177659473603097E-309
   1.2166193006623351E-097   8.5177659473603097E-309
   8.4918708498774952E-098   8.5177659473603097E-309
   6.1178643539273137E-098   8.5177659473603097E-309
   4.6891192550440549E-098   8.5177659473603097E-309
   3.3648779798367098E-098   8.5177659473603097E-309
   2.0949708059736202E-098   8.5177659473603097E-309
   1.4343320618992708E-098   8.5177659473603097E-309
   9.6004732392774925E-099   8.5177659473603097E-309
   5.9809029219528603E-099   8.5177659473603097E-309
   3.3900983661037649E-099   8.5177659473603097E-309
   1.6753249235114233E-099   8.5177659473603097E-309
   6.4701671570903312E-100   8.5177659473603097E-309
   1.7185645254139735E-100   8.5177659473603097E-309
   9.2008566301915042E-102   8.5177659473603097E-309
   1.1228588359457993E-096   8.5247192256846877E-309
   1.0852830150456947E-096   8.5247192256846877E-309
   1.0467404628914979E-096   8.5247192256846877E-309
   1.0379400853025052E-096   8.5247192256846877E-309
   1.0292114318802165E-096   8.5247192256846877E-309
   1.0199857325490281E-096   8.5247192256846877E-309
   1.0069636519326622E-096   8.5247192256846877E-309
   9.9397445300650566E-097   8.5247192256846877E-309
   9.8020805539323858E-097   8.5247192256846877E-309
   9.6641178806657157E-097   8.5247192256846877E-309
   9.5240515088677920E-097   8.5247192256846877E-309
   9.1078282849612358E-097   8.5247192256846877E-309
   8.4477733892242483E-097   8.5247192256846877E-309
   7.7665894407514044E-097   8.5247192256846877E-309
   7.2080609284838216E-097   8.5247192256846877E-309
   6.7887575898030159E-097   8.5247192256846877E-309
   6.6606850835576125E-097   8.5247192256846877E-309
   6.5321666722798964E-097   8.5247192256846877E-309
   6.3768058985990657E-097   8.5247192256846877E-309
   6.1980622456167160E-097   8.5247192256846877E-309
   6.0115644424972636E-097   8.5247192256846877E-309
   5.8229498531325618E-097   8.5247192256846877E-309
   5.6384633937859835E-097   8.5247192256846877E-309
   5.0118257801024927E-097   8.5247192256846877E-309
   4.2850579152082165E-097   8.5247192256846877E-309
   3.6343586506475473E-097   8.5247192256846877E-309
   3.0644740966374042E-097   8.5247192256846877E-309
   2.4631827610186040E-097   8.5247192256846877E-309
   1.7956301063566252E-097   8.5247192256846877E-309
   1.2916428792952057E-097   8.5247192256846877E-309
   8.8370422507989292E-098   8.5247192256846877E-309
   5.5562138331718936E-098   8.5247192256846877E-309
   4.0508782423640972E-098   8.5247192256846877E-309
   2.7458773672761440E-098   8.5247192256846877E-309
   1.5462560514974372E-098   8.5247192256846877E-309
   9.7917018738342652E-099   8.5247192256846877E-309
   5.7407310852161477E-099   8.5247192256846877E-309
   2.9525083524839720E-099   8.5247192256846877E-309
   1.2538488542015458E-099   8.5247192256846877E-309
   3.6419861283613822E-100   8.5247192256846877E-309
   5.2170251099571268E-101   8.5247192256846877E-309
   9.3550648659514248E-097   8.5316725040090608E-309
   9.0122124884010706E-097   8.5316725040090608E-309
   8.6305252331686496E-097   8.5316725040090608E-309
   8.5139448964752948E-097   8.5316725040090608E-309
   8.4316399245173462E-097   8.5316725040090608E-309
   8.3168734853650290E-097   8.5316725040090608E-309
   8.1910419030958316E-097   8.5316725040090608E-309
   8.0575747364996681E-097   8.5316725040090608E-309
   7.9234668627383218E-097   8.5316725040090608E-309
   7.7888464424437615E-097   8.5316725040090608E-309
   7.3141394923831615E-097   8.5316725040090608E-309
   6.6579686044430237E-097   8.5316725040090608E-309
   6.0686471987840968E-097   8.5316725040090608E-309
   5.5679554157407839E-097   8.5316725040090608E-309
   5.4453544100130443E-097   8.5316725040090608E-309
   5.3154251879507012E-097   8.5316725040090608E-309
   5.1390842034294204E-097   8.5316725040090608E-309
   4.9550179098510612E-097   8.5316725040090608E-309
   4.7724358263756710E-097   8.5316725040090608E-309
   4.5910386402293458E-097   8.5316725040090608E-309
   4.0455334396362953E-097   8.5316725040090608E-309
   3.3479110896244378E-097   8.5316725040090608E-309
   2.7662492263262434E-097   8.5316725040090608E-309
   2.2406601891758155E-097   8.5316725040090608E-309
   1.5686664753106411E-097   8.5316725040090608E-309
   1.0716223841282819E-097   8.5316725040090608E-309
   6.8354468863521798E-098   8.5316725040090608E-309
   4.0159646473414956E-098   8.5316725040090608E-309
   2.6733422113262552E-098   8.5316725040090608E-309
   1.4520636177225758E-098   8.5316725040090608E-309
   7.2722018469779219E-099   8.5316725040090608E-309
   3.7408479099650878E-099   8.5316725040090608E-309
   1.5460710430280608E-099   8.5316725040090608E-309
   4.3733801201573607E-100   8.5316725040090608E-309
   5.4178749437792913E-101   8.5316725040090608E-309
   7.8242320184557215E-097   8.5386257823334389E-309
   7.5734012438344621E-097   8.5386257823334389E-309
   7.2030833397457836E-097   8.5386257823334389E-309
   7.0508320022123729E-097   8.5386257823334389E-309
   6.9450532796437604E-097   8.5386257823334389E-309
   6.8223360864577128E-097   8.5386257823334389E-309
   6.6942092860595491E-097   8.5386257823334389E-309
   6.5652099710265335E-097   8.5386257823334389E-309
   6.4369850284133122E-097   8.5386257823334389E-309
   6.0870325418000617E-097   8.5386257823334389E-309
   5.4516597887116880E-097   8.5386257823334389E-309
   4.9160555938991713E-097   8.5386257823334389E-309
   4.5198392275632949E-097   8.5386257823334389E-309
   4.3805647288862051E-097   8.5386257823334389E-309
   4.2115875287063151E-097   8.5386257823334389E-309
   4.0291254760475912E-097   8.5386257823334389E-309
   3.8540460954698780E-097   8.5386257823334389E-309
   3.6807357624258178E-097   8.5386257823334389E-309
   3.1315029502648119E-097   8.5386257823334389E-309
   2.5038258795435219E-097   8.5386257823334389E-309
   1.9806490383492049E-097   8.5386257823334389E-309
   1.3633670687644989E-097   8.5386257823334389E-309
   8.7598510882743802E-098   8.5386257823334389E-309
   5.1148913900340413E-098   8.5386257823334389E-309
   2.7508128003188713E-098   8.5386257823334389E-309
   1.6092875197865578E-098   8.5386257823334389E-309
   6.2404956865680379E-099   8.5386257823334389E-309
   2.6049714798206593E-099   8.5386257823334389E-309
   8.2028679774629824E-100   8.5386257823334389E-309
   1.2631802241539476E-100   8.5386257823334389E-309
   6.4922051880224808E-103   8.5386257823334389E-309
   6.5114643778121188E-097   8.5455790606578170E-309
   6.2220720250720717E-097   8.5455790606578170E-309
   5.9198195437517267E-097   8.5455790606578170E-309
   5.7887714833904438E-097   8.5455790606578170E-309
   5.6666221218744256E-097   8.5455790606578170E-309
   5.5451650753703623E-097   8.5455790606578170E-309
   5.4204347254402546E-097   8.5455790606578170E-309
   5.2892948533751902E-097   8.5455790606578170E-309
   4.9341062293171211E-097   8.5455790606578170E-309
   4.3396298068711969E-097   8.5455790606578170E-309
   3.8566977542664273E-097   8.5455790606578170E-309
   3.5801139852420127E-097   8.5455790606578170E-309
   3.4109267835996901E-097   8.5455790606578170E-309
   3.2400854715211907E-097   8.5455790606578170E-309
   3.0750369680374333E-097   8.5455790606578170E-309
   2.9143021325772655E-097   8.5455790606578170E-309
   2.4021115331380037E-097   8.5455790606578170E-309
   1.8521045926752512E-097   8.5455790606578170E-309
   1.3085827413805234E-097   8.5455790606578170E-309
   7.8493546171531824E-098   8.5455790606578170E-309
   4.2230095597845029E-098   8.5455790606578170E-309
   1.9132611537729574E-098   8.5455790606578170E-309
   9.1004196286677413E-099   8.5455790606578170E-309
   2.3881027734813946E-099   8.5455790606578170E-309
   6.0051941529840654E-100   8.5455790606578170E-309
   5.3531979663951056E-101   8.5455790606578170E-309
   5.6162322329434460E-097   8.5525323389821901E-309
   5.4792856382995255E-097   8.5525323389821901E-309
   5.2675873768654748E-097   8.5525323389821901E-309
   4.9705698619474708E-097   8.5525323389821901E-309
   4.7720439623063479E-097   8.5525323389821901E-309
   4.6550380733275106E-097   8.5525323389821901E-309
   4.5360870311371059E-097   8.5525323389821901E-309
   4.4053521834332740E-097   8.5525323389821901E-309
   4.2689928377788487E-097   8.5525323389821901E-309
   3.7730462730764789E-097   8.5525323389821901E-309
   3.3080551079718597E-097   8.5525323389821901E-309
   2.8769620066712766E-097   8.5525323389821901E-309
   2.7138743960033878E-097   8.5525323389821901E-309
   2.5497040834881875E-097   8.5525323389821901E-309
   2.3915449313448356E-097   8.5525323389821901E-309
   2.2406354850216253E-097   8.5525323389821901E-309
   1.7016553346383978E-097   8.5525323389821901E-309
   1.2300677655690341E-097   8.5525323389821901E-309
   7.0406207886161620E-098   8.5525323389821901E-309
   3.5501058381725637E-098   8.5525323389821901E-309
   1.4162996044132567E-098   8.5525323389821901E-309
   4.5768045637588580E-099   8.5525323389821901E-309
   6.4461730645473573E-100   8.5525323389821901E-309
   3.0791653402724058E-101   8.5525323389821901E-309
   4.7747182974121100E-097   8.5594856173065632E-309
   4.6348407506794367E-097   8.5594856173065632E-309
   4.4909542935800668E-097   8.5594856173065632E-309
   4.2347002432462471E-097   8.5594856173065632E-309
   3.9369364723639739E-097   8.5594856173065632E-309
   3.8284477777362978E-097   8.5594856173065632E-309
   3.7017851327881803E-097   8.5594856173065632E-309
   3.5746704544468471E-097   8.5594856173065632E-309
   3.4446696909361711E-097   8.5594856173065632E-309
   3.0065106805168038E-097   8.5594856173065632E-309
   2.5655542523401339E-097   8.5594856173065632E-309
   2.1795203660171200E-097   8.5594856173065632E-309
   2.0247015052215311E-097   8.5594856173065632E-309
   1.8768518520399293E-097   8.5594856173065632E-309
   1.7369679809877081E-097   8.5594856173065632E-309
   1.3676026391016157E-097   8.5594856173065632E-309
   8.9623899560776075E-098   8.5594856173065632E-309
   4.6220820284075270E-098   8.5594856173065632E-309
   1.8980652568940173E-098   8.5594856173065632E-309
   4.7579921268246293E-099   8.5594856173065632E-309
   6.2194321511728266E-100   8.5594856173065632E-309
   3.0153415476044339E-103   8.5594856173065632E-309
   4.0246208011606565E-097   8.5664388956309413E-309
   3.8845779156761413E-097   8.5664388956309413E-309
   3.7412063344382807E-097   8.5664388956309413E-309
   3.5467087191091944E-097   8.5664388956309413E-309
   3.1990680486799357E-097   8.5664388956309413E-309
   3.0776154813124465E-097   8.5664388956309413E-309
   2.9547723962630933E-097   8.5664388956309413E-309
   2.8301451866379698E-097   8.5664388956309413E-309
   2.6576445516492874E-097   8.5664388956309413E-309
   2.2716548237609290E-097   8.5664388956309413E-309
   1.7458738377468278E-097   8.5664388956309413E-309
   1.5717325771453905E-097   8.5664388956309413E-309
   1.4346068926648818E-097   8.5664388956309413E-309
   1.3080075474327276E-097   8.5664388956309413E-309
   1.0671191184904717E-097   8.5664388956309413E-309
   6.1336472380073279E-098   8.5664388956309413E-309
   2.7055209838826108E-098   8.5664388956309413E-309
   8.3436963161443777E-099   8.5664388956309413E-309
   5.6267257025409116E-100   8.5664388956309413E-309
   3.5591648090790929E-097   8.5733921739553193E-309
   3.3960884812528172E-097   8.5733921739553193E-309
   3.2586354700241569E-097   8.5733921739553193E-309
   3.1303252587520346E-097   8.5733921739553193E-309
   3.0023872865765877E-097   8.5733921739553193E-309
   2.5709225624286311E-097   8.5733921739553193E-309
   2.4457681559777198E-097   8.5733921739553193E-309
   2.3269194578839283E-097   8.5733921739553193E-309
   2.2257260293892844E-097   8.5733921739553193E-309
   2.0562116456104504E-097   8.5733921739553193E-309
   1.6302769384578174E-097   8.5733921739553193E-309
   1.2123491430166189E-097   8.5733921739553193E-309
   1.0987483925606455E-097   8.5733921739553193E-309
   9.9432879327902900E-098   8.5733921739553193E-309
   8.9184285225138174E-098   8.5733921739553193E-309
   5.1803272442586156E-098   8.5733921739553193E-309
   1.9885400935632966E-098   8.5733921739553193E-309
   4.5318880186238909E-099   8.5733921739553193E-309
   8.4704221900267059E-102   8.5733921739553193E-309
   2.9243011238331986E-097   8.5803454522796924E-309
   2.7613377276065720E-097   8.5803454522796924E-309
   2.6514442295671411E-097   8.5803454522796924E-309
   2.5452977405366073E-097   8.5803454522796924E-309
   2.3214827016392042E-097   8.5803454522796924E-309
   1.9585352824736376E-097   8.5803454522796924E-309
   1.8657796851002509E-097   8.5803454522796924E-309
   1.7710902684389951E-097   8.5803454522796924E-309
   1.6752423476145625E-097   8.5803454522796924E-309
   1.2922603044253799E-097   8.5803454522796924E-309
   8.6071554940854298E-098   8.5803454522796924E-309
   7.6972707700076632E-098   8.5803454522796924E-309
   6.7971061814192524E-098   8.5803454522796924E-309
   5.9399277792123434E-098   8.5803454522796924E-309
   2.8147169692428147E-098   8.5803454522796924E-309
   7.7096475957852745E-099   8.5803454522796924E-309
   3.3276391257816759E-100   8.5803454522796924E-309
   2.4964931107197528E-097   8.5872987306040705E-309
   2.3042909968882767E-097   8.5872987306040705E-309
   2.2015648107820172E-097   8.5872987306040705E-309
   2.0632596581982746E-097   8.5872987306040705E-309
   1.9094163846422865E-097   8.5872987306040705E-309
   1.5406236251415079E-097   8.5872987306040705E-309
   1.4396027090142251E-097   8.5872987306040705E-309
   1.3520074176794170E-097   8.5872987306040705E-309
   1.2699230727942283E-097   8.5872987306040705E-309
   9.1721715373941497E-098   8.5872987306040705E-309
   5.6151498813183776E-098   8.5872987306040705E-309
   4.8388839687566543E-098   8.5872987306040705E-309
   4.0060288914861594E-098   8.5872987306040705E-309
   2.9280524990958446E-098   8.5872987306040705E-309
   7.3830727873642092E-099   8.5872987306040705E-309
   3.4683523990641339E-100   8.5872987306040705E-309
   2.1126371114741121E-097   8.5942520089284436E-309
   1.9174010272810964E-097   8.5942520089284436E-309
   1.7782392620084475E-097   8.5942520089284436E-309
   1.6465315292616350E-097   8.5942520089284436E-309
   1.4783706961051090E-097   8.5942520089284436E-309
   1.2160753975498002E-097   8.5942520089284436E-309
   1.0687626135448898E-097   8.5942520089284436E-309
   9.6902861733561179E-098   8.5942520089284436E-309
   8.5786531985788677E-098   8.5942520089284436E-309
   5.6151377525877450E-098   8.5942520089284436E-309
   3.1091802759827263E-098   8.5942520089284436E-309
   2.3692558508941567E-098   8.5942520089284436E-309
   1.7491784682423016E-098   8.5942520089284436E-309
   9.2769426836277936E-099   8.5942520089284436E-309
   7.1208485155317652E-100   8.5942520089284436E-309
   1.8215061027497601E-097   8.6012052872528217E-309
   1.5855456879232824E-097   8.6012052872528217E-309
   1.4195649680545837E-097   8.6012052872528217E-309
   1.2607225721956918E-097   8.6012052872528217E-309
   1.1246144272290587E-097   8.6012052872528217E-309
   9.6895414934007664E-098   8.6012052872528217E-309
   7.3466133767384619E-098   8.6012052872528217E-309
   6.4048447517458180E-098   8.6012052872528217E-309
   5.5094020599777583E-098   8.6012052872528217E-309
   3.9800095638258531E-098   8.6012052872528217E-309
   1.5907916088701784E-098   8.6012052872528217E-309
   9.6898519707643257E-099   8.6012052872528217E-309
   6.1891124886749710E-099   8.6012052872528217E-309
   3.4270310528150033E-099   8.6012052872528217E-309
   3.6006323017743302E-101   8.6012052872528217E-309
   1.4656931163649187E-097   8.6081585655771948E-309
   1.2605277637841479E-097   8.6081585655771948E-309
   1.0599708775037004E-097   8.6081585655771948E-309
   9.1764467519435926E-098   8.6081585655771948E-309
   8.0854850610289828E-098   8.6081585655771948E-309
   7.1678798622353385E-098   8.6081585655771948E-309
   4.7247422725282582E-098   8.6081585655771948E-309
   3.9301072894695985E-098   8.6081585655771948E-309
   3.3784626275318230E-098   8.6081585655771948E-309
   2.8334739263772791E-098   8.6081585655771948E-309
   1.5133665673391624E-098   8.6081585655771948E-309
   3.3355269183436352E-099   8.6081585655771948E-309
   1.7814596687607459E-099   8.6081585655771948E-309
   8.4886042202414272E-100   8.6081585655771948E-309
   3.1763444589337189E-100   8.6081585655771948E-309
   1.3037940817267914E-097   8.6151118439015728E-309
   1.1390839760811513E-097   8.6151118439015728E-309
   9.9233532545251044E-098   8.6151118439015728E-309
   7.8749113232349666E-098   8.6151118439015728E-309
   6.5628908177395590E-098   8.6151118439015728E-309
   5.7616781427058410E-098   8.6151118439015728E-309
   4.9029086089168812E-098   8.6151118439015728E-309
   3.8665496303865898E-098   8.6151118439015728E-309
   2.2046526370636076E-098   8.6151118439015728E-309
   1.8225820611172018E-098   8.6151118439015728E-309
   1.4787745289320749E-098   8.6151118439015728E-309
   1.1455432196910646E-098   8.6151118439015728E-309
   4.6714996944428923E-099   8.6151118439015728E-309
   3.7638357952377371E-100   8.6151118439015728E-309
   3.8902069064414853E-101   8.6151118439015728E-309
   1.0639671771328220E-104   8.6151118439015728E-309
   1.0761832522517625E-097   8.6220651222259460E-309
   9.8496133346252884E-098   8.6220651222259460E-309
   8.5134991073558400E-098   8.6220651222259460E-309
   7.1675470063373315E-098   8.6220651222259460E-309
   5.5308171728579277E-098   8.6220651222259460E-309
   4.4804406343553625E-098   8.6220651222259460E-309
   3.5429821736611024E-098   8.6220651222259460E-309
   2.7789043295021008E-098   8.6220651222259460E-309
   2.1776552799799136E-098   8.6220651222259460E-309
   1.5506844435427236E-098   8.6220651222259460E-309
   6.8574794415557137E-099   8.6220651222259460E-309
   4.6206081624948070E-099   8.6220651222259460E-309
   2.9002387148230561E-099   8.6220651222259460E-309
   1.6311209866151650E-099   8.6220651222259460E-309
   1.6946446816666349E-100   8.6220651222259460E-309
   8.7242871264193510E-098   8.6290184005503240E-309
   8.3111130644565095E-098   8.6290184005503240E-309
   7.9484993106025845E-098   8.6290184005503240E-309
   7.4863146923886178E-098   8.6290184005503240E-309
   6.6863086724308524E-098   8.6290184005503240E-309
   5.6475834694322196E-098   8.6290184005503240E-309
   4.2741263372664603E-098   8.6290184005503240E-309
   3.1655652370325132E-098   8.6290184005503240E-309
   2.1814508256520294E-098   8.6290184005503240E-309
   1.5391480727342411E-098   8.6290184005503240E-309
   1.1530429135786746E-098   8.6290184005503240E-309
   7.9947511898315121E-099   8.6290184005503240E-309
   5.1223790439387886E-099   8.6290184005503240E-309
   8.1016291635529917E-100   8.6290184005503240E-309
   2.7278124264304213E-100   8.6290184005503240E-309
   6.9506732626461390E-101   8.6290184005503240E-309
   5.0565355560842905E-102   8.6290184005503240E-309
   6.9581463736387096E-098   8.6359716788746971E-309
   6.1704175224439664E-098   8.6359716788746971E-309
   5.5675104993612957E-098   8.6359716788746971E-309
   5.2547310909721259E-098   8.6359716788746971E-309
   2.6528012456406721E-098   8.6359716788746971E-309
   5.9211791303955232E-098   8.6429249571990752E-309
   1.2763853423218617E-098   8.6429249571990752E-309
   4.5124429641287742E-098   8.6498782355234532E-309
   3.6897752591571586E-099   8.6498782355234532E-309
   3.1787130764732409E-098   8.6568315138478264E-309
   1.4961551095578133E-100   8.6568315138478264E-309
   1.8997694691495587E-098   8.6637847921721995E-309
   3.9271259704329220E-098   8.6707380704965775E-309
   9.0182636234353436E-099   8.6707380704965775E-309
   2.9227719906598750E-098   8.6776913488209556E-309
   2.2665230048713013E-099   8.6776913488209556E-309
   1.8149163049287442E-098   8.6846446271453287E-309
   7.0895705568181435E-101   8.6846446271453287E-309
   8.5592565652216489E-099   8.6915979054697068E-309
   2.6264353693964542E-098   8.6985511837940799E-309
   2.1702543794497644E-099   8.6985511837940799E-309
   1.8280035575347137E-098   8.7055044621184579E-309
   1.0653276444989946E-101   8.7055044621184579E-309
   1.0696287367118810E-098   8.7124577404428311E-309
   1.8044542778471117E-098   8.7194110187672091E-309
   3.8708392512526002E-099   8.7194110187672091E-309
   1.1050452011325318E-098   8.7263642970915822E-309
   2.0877594251478106E-100   8.7263642970915822E-309
   4.8628680071833700E-099   8.7333175754159603E-309
   1.3953518609658794E-098   8.7402708537403384E-309
   9.1876028630274408E-100   8.7402708537403384E-309
   8.9177796518605806E-099   8.7472241320647115E-309
   6.4436816967425360E-105   8.7472241320647115E-309
   4.3522326818658098E-099   8.7541774103890895E-309
   8.6074918110826630E-099   8.7611306887134626E-309
   1.0336227330524360E-099   8.7611306887134626E-309
   4.4002965868384101E-099   8.7680839670378358E-309
   8.8566952760081505E-103   8.7680839670378358E-309
   9.7061010745072658E-100   8.7750372453622138E-309
   5.5007523814746068E-099   8.7819905236865919E-309
   4.0392660213509438E-102   8.7819905236865919E-309
   1.9358376680091715E-099   8.7889438020109650E-309
   5.0797117474011105E-099   8.7958970803353431E-309
   5.1596899355364974E-101   8.7958970803353431E-309
   2.3824965399041509E-099   8.8028503586597162E-309
   3.9789229595611292E-099   8.8098036369840942E-309
   2.0137453216749258E-100   8.8098036369840942E-309
   1.4535158494258429E-099   8.8167569153084673E-309
   3.6839283728871722E-099   8.8237101936328454E-309
   5.1763807086888763E-101   8.8237101936328454E-309
   1.5334938814764474E-099   8.8306634719572185E-309
   2.4073246963100447E-099   8.8376167502815966E-309
   3.9869856987573564E-102   8.8376167502815966E-309
   7.3104141803626875E-100   8.8445700286059746E-309
   1.4416105387550512E-099   8.8515233069303478E-309
   1.2004205562482663E-103   8.8515233069303478E-309
   1.8412636351679454E-100   8.8584765852547258E-309
   1.1903441138170722E-099   8.8654298635790989E-309
   1.5626879461990696E-099   8.8723831419034720E-309
   7.6077834428534358E-101   8.8723831419034720E-309
   5.4664765194279192E-100   8.8793364202278501E-309
   9.8749085512189932E-100   8.8862896985522282E-309
   4.6549863544657949E-102   8.8862896985522282E-309
   1.4465411683283153E-100   8.8932429768766013E-309
   6.9112076935293468E-100   8.9001962552009793E-309
   9.0767071431550695E-100   8.9071495335253525E-309
   9.2422179320181407E-101   8.9071495335253525E-309
   2.6640548985579964E-100   8.9141028118497305E-309
   5.9472811511821072E-100   8.9210560901741036E-309
   2.8205533490899086E-103   8.9210560901741036E-309
   6.3545643697018837E-101   8.9280093684984817E-309
   3.1258411114497405E-100   8.9349626468228548E-309
   4.3558706440443432E-100   8.9419159251472329E-309
   1.7841649746605131E-101   8.9419159251472329E-309
   7.6733986346803897E-101   8.9488692034716109E-309
   2.8258778227563652E-100   8.9558224817959840E-309
   3.5130049279271372E-100   8.9627757601203621E-309
   1.5709524819014111E-101   8.9627757601203621E-309
   8.2228059669303907E-101   8.9697290384447352E-309
   1.5864600773152826E-100   8.9766823167691133E-309
   2.5706912532231717E-100   8.9836355950934864E-309
   2.4792886982283005E-102   8.9836355950934864E-309
   6.8198002965866921E-101   8.9905888734178644E-309
   9.5188666183769209E-101   8.9975421517422376E-309
   1.7026970098108542E-100   9.0044954300666156E-309
   3.8158706685402965E-103   9.0044954300666156E-309
   2.0374524108389274E-101   9.0114487083909887E-309
   4.8549397449811017E-101   9.0184019867153668E-309
   7.1352228165029423E-101   9.0253552650397399E-309
   1.0563879410048113E-100   9.0323085433641180E-309
   1.8055864625307792E-103   9.0323085433641180E-309
   1.6433526516613164E-101   9.0392618216884911E-309
   2.5051067378789818E-101   9.0462151000128691E-309
   4.7518209865816639E-101   9.0531683783372472E-309
   5.3643681331370594E-101   9.0601216566616203E-309
   6.1399253257737084E-101   9.0670749349859984E-309
   1.8450699849401986E-102   9.0670749349859984E-309
   4.9878722783138547E-102   9.0740282133103715E-309
   1.6741757605361142E-101   9.0809814916347496E-309
   1.7747338873942900E-101   9.0879347699591227E-309
   2.2430750791432383E-101   9.0948880482835007E-309
   2.4019405597958857E-101   9.1018413266078738E-309
   2.4057043281108585E-101   9.1087946049322519E-309
   6.7699341365838409E-105   9.1087946049322519E-309
   2.8287967524338252E-104   9.1157478832566250E-309
   1.9564370336363614E-103   9.1227011615810031E-309
   4.9788028576897226E-103   9.1296544399053762E-309
   3.0729236572809132E-103   9.1366077182297543E-309
   1.1739060798856765E-102   9.1435609965541323E-309
   9.3000056624957154E-103   9.1505142748785054E-309
   8.7127573063579492E-103   9.1574675532028835E-309
   1.4872756078734652E-102   9.1644208315272566E-309
   1.0174926033179424E-102   9.1713741098516347E-309
   9.0179502880459006E-103   9.1783273881760078E-309
   1.0003089979155937E-102   9.1852806665003858E-309
   5.9669883028608077E-103   9.1922339448247590E-309
   9.2474201118456402E-103   9.1991872231491370E-309
   4.6152732150387653E-103   9.2061405014735101E-309
   3.4240543310676631E-103   9.2130937797978882E-309
   4.7514869070100202E-103   9.2200470581222613E-309
   2.7483112466042142E-103   9.2270003364466394E-309
   2.2215745756009856E-103   9.2339536147710125E-309
   1.2372788540837754E-103   9.2409068930953905E-309
   6.7361025340687747E-104   9.2478601714197686E-309
   1.2964936053297913E-103   9.2548134497441417E-309
   5.8817160997322616E-104   9.2617667280685198E-309
   2.9715763766634921E-104   9.2687200063928929E-309
   2.4759820848603956E-104   9.2756732847172709E-309
   1.0728007877399134E-104   9.2826265630416441E-309
   1.9129664301497262E-104   9.2895798413660221E-309
   4.6626490544161450E-105   9.2965331196903952E-309
   9.3165262350709879E-105   9.3034863980147733E-309
   9.6826611466961175E-105   9.3104396763391464E-309
   2.0379840997207230E-104   9.3173929546635245E-309
   1.4182459802529775E-104   9.3243462329878976E-309
   1.3532937822883745E-104   9.3312995113122756E-309
   2.4022336948334642E-104   9.3382527896366488E-309
   4.4574587487315765E-104   9.3452060679610268E-309
   6.2496072040504682E-104   9.3521593462854049E-309
   7.5016278990773627E-104   9.3591126246097780E-309
   9.3455768865664866E-104   9.3660659029341561E-309
   1.4340209771066656E-103   9.3730191812585292E-309
   1.6412036739323833E-103   9.3799724595829072E-309
   2.0549252939126994E-103   9.3869257379072803E-309
   2.2361589537355405E-103   9.3938790162316584E-309
   3.7085815578418892E-105   9.3938790162316584E-309
   2.8437596954668673E-104   9.4008322945560315E-309
   4.8193666103431691E-104   9.4077855728804096E-309
   8.6323903388323196E-104   9.4147388512047876E-309
                       NaN   9.4216921295291608E-309
   4.2199148737632831E-105   9.4216921295291608E-309
   3.2617141556705881E-104   9.4286454078535339E-309
   6.6704088624240084E-104   9.4355986861779119E-309
   1.2104601821793735E-106   9.4355986861779119E-309
   1.3510480697468949E-104   9.4425519645022900E-309
   4.8943146359839447E-104   9.4495052428266631E-309
   3.5079488089211298E-106   9.4495052428266631E-309
   1.5021961991800104E-104   9.4564585211510412E-309
   5.1937348840137191E-104   9.4634117994754143E-309
   3.8495982294783808E-105   9.4634117994754143E-309
   2.5803138404374608E-104   9.4703650777997923E-309
   6.0620448488879689E-106   9.4703650777997923E-309
   1.7044099395514984E-104   9.4773183561241655E-309
   1.9138443777873481E-106   9.4773183561241655E-309
   1.2080168151090031E-104   9.4842716344485435E-309
   6.2855153253677454E-107   9.4842716344485435E-309
   1.0140382305781796E-104   9.4912249127729166E-309
   2.0966237751653545E-106   9.4912249127729166E-309
   1.0843421669092620E-104   9.4981781910972947E-309
   5.3578852037012406E-106   9.4981781910972947E-309
   1.0683097960584074E-104   9.5051314694216678E-309
   1.1183753945829564E-105   9.5051314694216678E-309
   1.1209575253625473E-104   9.5120847477460459E-309
   1.8479188245764707E-105   9.5120847477460459E-309
   1.3110053733192004E-104   9.5190380260704239E-309
   1.9008884790540854E-105   9.5190380260704239E-309
   1.0087207746843220E-104   9.5259913043947970E-309
   1.1491989944373504E-105   9.5259913043947970E-309
   6.3571971173890666E-105   9.5329445827191702E-309
   6.6248452988394803E-106   9.5329445827191702E-309
   3.7511642746334960E-105   9.5398978610435482E-309
   1.1766296858293237E-106   9.5398978610435482E-309
   1.9287110422588551E-105   9.5468511393679263E-309
                       NaN   9.5538044176922994E-309
   4.9808203627267947E-106   9.5538044176922994E-309
   1.7225927625556321E-105   9.5607576960166774E-309
   2.2271226118575127E-109   9.5607576960166774E-309
   2.6382214519071977E-107   9.5677109743410506E-309
   1.8128131196219649E-107   9.5746642526654286E-309
   3.8916251169803418E-109   9.5816175309898017E-309
   1.4166799331103542E-105   9.5955240876385529E-309
   5.6559286713707664E-106   9.6024773659629310E-309
   2.0042044213975455E-106   9.6094306442873090E-309
   1.5993955526626174E-107   9.6163839226116821E-309
   4.1171805911896723E-106   9.6302904792604333E-309
   6.9502340975255530E-107   9.6372437575848064E-309
                       NaN   9.6511503142335626E-309
   4.4370312097923114E-107   9.6581035925579357E-309
   1.5182286537111206E-106   9.6720101492066868E-309
   4.7437178795751714E-109   9.6789634275310649E-309
   2.0964539040439965E-107   9.6928699841798161E-309
   3.9625135853607028E-107   9.7067765408285673E-309
   3.9837710983825165E-107   9.7206830974773184E-309
   3.4780640109551650E-107   9.7345896541260696E-309
   2.6727210647855988E-107   9.7484962107748208E-309
   1.0685606796764803E-107   9.7624027674235720E-309
   6.4643457732836820E-109   9.7763093240723231E-309
   4.0234974204242676E-107   9.7971691590454524E-309
   5.1677537915584408E-108   9.8110757156942035E-309
                       NaN   9.8319355506673328E-309
   4.5678836988174815E-109   9.8458421073160839E-309
   2.6970857873485456E-108   9.8667019422892082E-309
   5.5440281392052307E-108   9.8875617772623375E-309
   4.8400972147331509E-108   9.9084216122354618E-309
   1.3243174693551656E-108   9.9292814472085910E-309
   3.5561954735028590E-110   9.9501412821817202E-309
                       NaN   9.9779543954792226E-309
   1.0050807988242424E-109   9.9988142304523469E-309
   5.4503038719572332E-109   1.0026627343749854E-308
   9.2217643636415913E-109   1.0054440457047357E-308
   6.9630349024178334E-109   1.0082253570344859E-308
   5.1713602983055966E-110   1.0110066683642361E-308
   9.3454805110710775E-109   1.0144833075264242E-308
                       NaN   1.0179599466886117E-308
   8.7790585726559853E-111   1.0207412580183619E-308
                       NaN   1.0249132250129878E-308
   9.7678824360219443E-110   1.0283898641751753E-308
                       NaN   1.0325618311698012E-308
                       NaN   1.0367337981644265E-308
   1.2412007979472142E-109   1.0409057651590519E-308
   2.0480962369234970E-109   1.0457730599861150E-308
                       NaN   1.0506403548131777E-308
   6.6868318810584264E-110   1.0555076496402409E-308
   8.2421751189295549E-110   1.0610702722997418E-308
   3.0781043473571020E-112   1.0666328949592423E-308
   4.7590084069182681E-110   1.0728908454511806E-308
   1.0757859213160837E-110   1.0791487959431189E-308
   8.5161384270554346E-111   1.0861020742674944E-308
                       NaN   1.0937506804243078E-308
                       NaN   1.1013992865811212E-308
   2.7032940155156672E-113   1.1090478927379346E-308
   2.0177492795986536E-112   1.1180871545596231E-308
   3.2090020720053125E-111   1.1278217442137490E-308
   9.9638525197262520E-112   1.1375563338678748E-308
                       NaN   1.1486815791868762E-308
                       NaN   1.1605021523383150E-308
                       NaN   1.1730180533221915E-308
                       NaN   1.1862292821385054E-308
                       NaN   1.2008311666196944E-308
   1.9791541572860505E-112   1.2168237067657589E-308
                       NaN   1.2342069025766982E-308
   1.7505286400076947E-114   1.2522854262200752E-308
   1.5400261374942259E-113   1.2731452611932024E-308
                       NaN   1.2967864074960799E-308
   3.9224394059840022E-114   1.3197322259665201E-308
                       NaN   1.3461546835991478E-308
                       NaN   1.3753584525615263E-308
                       NaN   1.4073435328536550E-308
