   2.2112106240614929E-008  -8.3249390421958724E-025
   8.2129251160633132E-008  -4.2656411198456855E-023
   1.9900032272322233E-007  -6.0680907522228574E-022
   3.9166981251706689E-007  -4.6264835838627215E-021
   6.7907635079133477E-007  -2.4112738912615027E-020
   1.0801512423943133E-006  -9.7038580215673268E-020
   1.6138170035841119E-006  -3.2363358653372315E-019
   2.2989858998730891E-006  -9.3562032609403829E-019
   3.1545584850765704E-006  -2.4171659949529948E-018
   4.1994221417371073E-006  -5.7024216439905323E-018
   5.4524496230953876E-006  -1.2481469224482207E-017
   6.9324975967786463E-006  -2.5654284595169224E-017
   8.6584051903771045E-006  -4.9980942623940997E-017
   1.0648992539078621E-005  -9.2985727543820238E-017
   1.2923059335531344E-005  -1.6618305568511479E-016
   1.5499383382103765E-005  -2.8670415545550066E-016
   1.8396719145711088E-005  -4.7941526679612710E-016
   2.1633796315376433E-005  -7.7963070410459089E-016
   2.5229318362694790E-005  -1.2365374565819168E-015
   2.9201961105367164E-005  -1.9174620609415179E-015
   3.3570371273971784E-005  -2.9131252552563243E-015
   3.8353165082138636E-005  -4.3440453903092580E-015
   4.3568926800292985E-005  -6.3682677161159684E-015
   4.9236207333132766E-005  -9.1906134553622550E-015
   5.5373522801004304E-005  -1.3073660000510426E-014
   6.1999353125339788E-005  -1.8350681604582211E-014
   6.9132140618319426E-005  -2.5440798553584719E-014
   7.6790288576920283E-005  -3.4866601986856012E-014
   8.4992159881513074E-005  -4.7274541245124762E-014
   9.3756075599167322E-005  -6.3458380848893741E-014
   1.0310031359182453E-004  -8.4386054915223559E-014
   1.1304310712949772E-004  -1.1123026798174963E-013
   1.2360264350865554E-004  -1.4540321279477786E-013
   1.3479706267594744E-004  -1.8859579760487102E-013
   1.4664445585742565E-004  -2.4282179786914861E-013
   1.5916286419341902E-004  -3.1046736995466627E-013
   1.7237027737921257E-004  -3.9434638744124187E-013
   1.8628463231168499E-004  -4.9776208390395455E-013
   2.0092381174205637E-004  -6.2457550958376120E-013
   2.1630564293489610E-004  -7.7928133309727803E-013
   2.3244789633354096E-004  -9.6709154326137754E-013
   2.4936828423207107E-004  -1.1940276301820324E-012
   2.6708445945399097E-004  -1.4670218489466606E-012
   2.8561401403776190E-004  -1.7940281935315774E-012
   3.0497447792932937E-004  -2.1841437328572494E-012
   3.2518331768178972E-004  -2.6477409852598131E-012
   3.4625807052803578E-004  -3.1966157810050442E-012
   3.6821638933814201E-004  -3.8441477407714592E-012
   3.9107560770135479E-004  -4.6054589079643751E-012
   4.1485297624693421E-004  -5.4976027576552208E-012
   4.3956567815098887E-004  -6.5397635985977964E-012
   4.6523082791936194E-004  -7.7534712363279804E-012
   4.9186547017810605E-004  -9.1628321577250499E-012
   5.1948657847167182E-004  -1.0794778112539969E-011
   5.4811105406893238E-004  -1.2679332990954017E-011
   5.7775572477716732E-004  -1.4849898919489201E-011
   6.0843734376412597E-004  -1.7343562520515646E-011
   6.4017258838828996E-004  -2.0201422303157115E-011
   6.7297805903745219E-004  -2.3468938175549842E-011
   7.0687027797572974E-004  -2.7196304090129050E-011
   7.4186568819912429E-004  -3.1438844854867319E-011
   7.7798065229974683E-004  -3.6257438164138535E-011
   8.1523145133881336E-004  -4.1718962923094383E-011
   8.5363428372852931E-004  -4.7896774959089460E-011
   8.9320526412296395E-004  -5.4871211232738020E-011
   9.3396042231803054E-004  -6.2730123679606098E-011
   9.7591570216067091E-004  -7.1569443831296779E-011
   1.0190869604673541E-003  -8.1493779381752821E-011
   1.0634899659519895E-003  -9.2617043880941024E-011
   1.1091403981633580E-003  -1.0506312075367230E-010
   1.1560538464321557E-003  -1.1896656285611738E-010
   1.2042458088277574E-003  -1.3447332879657755E-010
   1.2537316911247871E-003  -1.5174155726022497E-010
   1.3045268057795959E-003  -1.7094238058982177E-010
   1.3566463709167381E-003  -1.9226077888582670E-010
   1.4101055093255405E-003  -2.1589647589978004E-010
   1.4649192720551456E-003  -2.4206489019338481E-010
   1.5211036343431971E-003  -2.7099865606843022E-010
   1.5786743305907234E-003  -3.0294819357906123E-010
   1.6376462125464849E-003  -3.3818238339316267E-010
   1.6980340350196295E-003  -3.7699005864635906E-010
   1.7598524549592065E-003  -4.1968118564563525E-010
   1.8231160305437050E-003  -4.6658809610055205E-010
   1.8878392202806881E-003  -5.1806677224298412E-010
   1.9540363821165959E-003  -5.7449818619915320E-010
   2.0217217725567917E-003  -6.3628969497946707E-010
   2.0909095457959156E-003  -7.0387649245229142E-010
   2.1616137528586224E-003  -7.7772311966726445E-010
   2.2338483407507623E-003  -8.5832503489207814E-010
   2.3076271516210760E-003  -9.4621024472381467E-010
   2.3829639219334607E-003  -1.0419409976318809E-009
   2.4598722816498789E-003  -1.1461155412843705E-009
   2.5383657534239594E-003  -1.2593699450032347E-009
   2.6184577518053578E-003  -1.3823799886859772E-009
   2.7001615824549258E-003  -1.5158631195227114E-009
   2.7834904413707529E-003  -1.6605804778272794E-009
   2.8684574141251253E-003  -1.8173389932897381E-009
   2.9550754751124638E-003  -1.9869935529449076E-009
   3.0433574868082790E-003  -2.1704492421377404E-009
   3.1333163528011430E-003  -2.3686640084650620E-009
   3.2249672883344700E-003  -2.5826566126941469E-009
   3.3183241341300470E-003  -2.8135014427767556E-009
   3.4133994848038465E-003  -3.0623306490694308E-009
   3.5102058231897553E-003  -3.3303392224358729E-009
   3.6087555196721828E-003  -3.6187877259835895E-009
   3.7090608315293060E-003  -3.9290051100304367E-009
   3.8111339022870003E-003  -4.2623916115062646E-009
   3.9149867610834780E-003  -4.6204217389716325E-009
   4.0206313220446819E-003  -5.0046473444112279E-009
   4.1280793836704563E-003  -5.4167007829338532E-009
   4.2373426282315326E-003  -5.8582981614839761E-009
   4.3484326211773554E-003  -6.3312426776415539E-009
   4.4613608105547806E-003  -6.8374280495575099E-009
   4.5761385264376639E-003  -7.3788420380414354E-009
   4.6927769803673776E-003  -7.9575700617863115E-009
   4.8112872648042671E-003  -8.5757989066818101E-009
   4.9316803525900716E-003  -9.2358205301333987E-009
   5.0539670964213365E-003  -9.9400359612690627E-009
   5.1781582283338280E-003  -1.0690959297878538E-008
   5.3042654476100305E-003  -1.1491228874740373E-008
   5.4323041081718757E-003  -1.2343631507250117E-008
   5.5622852236869684E-003  -1.3251056017578420E-008
   5.6942192874622575E-003  -1.4216519638881156E-008
   5.8281166735336233E-003  -1.5243175058197780E-008
   5.9639876362115171E-003  -1.6334315076539347E-008
   6.1018423096370449E-003  -1.7493377374022887E-008
   6.2416907073484986E-003  -1.8723949380686520E-008
   6.3835427218583603E-003  -2.0029773253575233E-008
   6.5274081242407593E-003  -2.1414750960641099E-008
   6.6732965637294134E-003  -2.2882949471955757E-008
   6.8212175673260430E-003  -2.4438606058684740E-008
   6.9711805394192623E-003  -2.6086133700224630E-008
   7.1231947614139582E-003  -2.7830126599854769E-008
   7.2772693913711406E-003  -2.9675365809204036E-008
   7.4334134636582783E-003  -3.1626824961782353E-008
   7.5916358886101119E-003  -3.3689676115773689E-008
   7.7519454521999299E-003  -3.5869295706234187E-008
   7.9143533532742023E-003  -3.8171307322992648E-008
   8.0788744030587997E-003  -4.0601613682896750E-008
   8.2455177081256319E-003  -4.3166268852524173E-008
   8.4142918603135469E-003  -4.5871552741909003E-008
   8.5852053293966855E-003  -4.8723983185648934E-008
   8.7582664628040128E-003  -5.1730322683914682E-008
   8.9334834853486752E-003  -5.4897585258087130E-008
   9.1108644989671521E-003  -5.8233043420871468E-008
   9.2904174824682169E-003  -6.1744235260680007E-008
   9.4721502912916804E-003  -6.5438971640015509E-008
   9.6560706572769005E-003  -6.9325343507527485E-008
   9.8421861884410537E-003  -7.3411729323353907E-008
   1.0030504368767148E-002  -7.7706802597299304E-008
   1.0221032558001747E-002  -8.2219539539339348E-008
   1.0413777991462429E-002  -8.6959226821880400E-008
   1.0608747779854898E-002  -9.1935469453138714E-008
   1.0805948909099784E-002  -9.7158198760943145E-008
   1.1005393653490559E-002  -1.0263783194229308E-007
   1.1207095570266425E-002  -1.0838519207077473E-007
   1.1411061754916917E-002  -1.1441129262296420E-007
   1.1617299050850505E-002  -1.2072750691335010E-007
   1.1825814179606063E-002  -1.2734558035207030E-007
   1.2036613740715376E-002  -1.3427763929953533E-007
   1.2249704211574642E-002  -1.4153620003319116E-007
   1.2465091947324923E-002  -1.4913417782539334E-007
   1.2682783180741539E-002  -1.5708489613130093E-007
   1.2902784022132366E-002  -1.6540209588563260E-007
   1.3125100459245023E-002  -1.7409994490706285E-007
   1.3349738357182910E-002  -1.8319304740896998E-007
   1.3576703458330081E-002  -1.9269645361518295E-007
   1.3806001382284919E-002  -2.0262566947930770E-007
   1.4037637625802570E-002  -2.1299666650614855E-007
   1.4271617562746128E-002  -2.2382589167367459E-007
   1.4507951245913144E-002  -2.3513051092553851E-007
   1.4746652656537596E-002  -2.4692842031817336E-007
   1.4987727582853251E-002  -2.5923766284782442E-007
   1.5231181269628916E-002  -2.7207678401793970E-007
   1.5477018841699493E-002  -2.8546486246985661E-007
   1.5725245303944257E-002  -2.9942152078470342E-007
   1.5975865541273282E-002  -3.1396693638317251E-007
   1.6228884318621913E-002  -3.2912185252126272E-007
   1.6484306280953317E-002  -3.4490758938003390E-007
   1.6742135953269021E-002  -3.6134605524734201E-007
   1.7002377740627433E-002  -3.7845975778946777E-007
   1.7265035928170327E-002  -3.9627181541048244E-007
   1.7530114681157193E-002  -4.1480596869712874E-007
   1.7797618045007513E-002  -4.3408659194694050E-007
   1.8067549945350817E-002  -4.5413870477724847E-007
   1.8339914534332914E-002  -4.7498801071527149E-007
   1.8614721888917905E-002  -4.9666136912844756E-007
   1.8891979005209943E-002  -5.1918613737055939E-007
   1.9171689562291202E-002  -5.4259012987700244E-007
   1.9453857121468771E-002  -5.6690187163118623E-007
   1.9738485126354215E-002  -5.9215061046399068E-007
   2.0025576902950523E-002  -6.1836632942317726E-007
   2.0315135659746356E-002  -6.4557975921001405E-007
   2.0607164487817596E-002  -6.7382239068032524E-007
   2.0901666360936131E-002  -7.0312648740710885E-007
   2.1198644135685861E-002  -7.3352509830181768E-007
   2.1498100551585842E-002  -7.6505207029132796E-007
   2.1800038231220585E-002  -7.9774206104757880E-007
   2.2104459680377390E-002  -8.3163055176679434E-007
   2.2411367288190733E-002  -8.6675385999515902E-007
   2.2720763126603632E-002  -9.0314912856550249E-007
   2.3032645798460066E-002  -9.4085394892498050E-007
   2.3347015519500827E-002  -9.7990695734936410E-007
   2.3663874098666778E-002  -1.0203478725081444E-006
   2.3983223228406493E-002  -1.0622173099298630E-006
   2.4305064484870631E-002  -1.1055567948776352E-006
   2.4629399328113123E-002  -1.1504087752438580E-006
   2.4956229102299068E-002  -1.1968166344605158E-006
   2.5285555035919335E-002  -1.2448247044214617E-006
   2.5617378242011747E-002  -1.2944782784130002E-006
   2.5951699718388909E-002  -1.3458236240490623E-006
   2.6288520347872532E-002  -1.3989079962072167E-006
   2.6627840898534223E-002  -1.4537796499617103E-006
   2.6969662023942697E-002  -1.5104878535097070E-006
   2.7313981704302197E-002  -1.5690824600530425E-006
   2.7660759861312459E-002  -1.6296076102429859E-006
   2.8009978564005212E-002  -1.6921118019621195E-006
   2.8361636864882685E-002  -1.7566474174608410E-006
   2.8715733698335331E-002  -1.8232678608630599E-006
   2.9072267881021779E-002  -1.8920275690858203E-006
   2.9431238112255235E-002  -1.9629820226865591E-006
   2.9792642974396249E-002  -2.0361877566337362E-006
   3.0156480933251763E-002  -2.1117023709965677E-006
   3.0522750338480391E-002  -2.1895845415495735E-006
   3.0891449424003830E-002  -2.2698940302876526E-006
   3.1262576308424390E-002  -2.3526916958473768E-006
   3.1636126953706670E-002  -2.4380390317894767E-006
   3.2012070749220432E-002  -2.5259923404755016E-006
   3.2390394871225837E-002  -2.6166127469554425E-006
   3.2771096280027473E-002  -2.7099647072490449E-006
   3.3154171820759651E-002  -2.8061137819334219E-006
   3.3539618223901752E-002  -2.9051266446259370E-006
   3.3927432105799328E-002  -3.0070710903223595E-006
   3.4317609969190664E-002  -3.1120160435859798E-006
   3.4710148203738883E-002  -3.2200315665835007E-006
   3.5105043086569365E-002  -3.3311888669634128E-006
   3.5502290782812466E-002  -3.4455603055726815E-006
   3.5901884471635039E-002  -3.5632185481306595E-006
   3.6303788488199436E-002  -3.6842286036019900E-006
   3.6707992491465349E-002  -3.8086637091717885E-006
   3.7114491566848047E-002  -3.9365998509709062E-006
   3.7523280689482880E-002  -4.0681141574385179E-006
   3.7934354724857157E-002  -4.2032849047143464E-006
   3.8347708429446493E-002  -4.3421915218242678E-006
   3.8763336451355830E-002  -4.4849145956555499E-006
   3.9181233330964821E-002  -4.6315358757179157E-006
   3.9601393501577611E-002  -4.7821382786866910E-006
   4.0023808562369749E-002  -4.9368048833632568E-006
   4.0448440052624955E-002  -5.0956085373199895E-006
   4.0875273518242695E-002  -5.2586315231975180E-006
   4.1304302332663044E-002  -5.4259601265775297E-006
   4.1735519765191430E-002  -5.5976817643804882E-006
   4.2168918981732535E-002  -5.7738849866867534E-006
   4.2604493045527637E-002  -5.9546594783023913E-006
   4.3042234917895404E-002  -6.1400960600666907E-006
   4.3482137458975972E-002  -6.3302866898984052E-006
   4.3924193387012159E-002  -6.5253244450973644E-006
   4.4368370869177012E-002  -6.7252924209144456E-006
   4.4814637903610691E-002  -6.9302739178729967E-006
   4.5262986289421513E-002  -7.1403637488471808E-006
   4.5713407728616873E-002  -7.3556577994829787E-006
   4.6165893826927575E-002  -7.5762530261873072E-006
   4.6620436094634544E-002  -7.8022474538282776E-006
   4.7077025947397592E-002  -8.0337401731444833E-006
   4.7535654707086407E-002  -8.2708313378615665E-006
   4.7996311432460248E-002  -8.5136210066839879E-006
   4.8458949480480060E-002  -8.7621908886682486E-006
   4.8923541147147198E-002  -9.0166326859443198E-006
   4.9390076653797105E-002  -9.2770484715580046E-006
   4.9858546133322391E-002  -9.5435412802729665E-006
   5.0328939631082453E-002  -9.8162151023045686E-006
   5.0801247105813949E-002  -1.0095174876746097E-005
   5.1275458430542049E-002  -1.0380526484686743E-005
   5.1751563393492274E-002  -1.0672376742020771E-005
   5.2229517096496807E-002  -1.0970811587160762E-005
   5.2709273222016635E-002  -1.1275915410495024E-005
   5.3190820401552798E-002  -1.1587794683680400E-005
   5.3674147275250328E-002  -1.1906556733191196E-005
   5.4159242405330030E-002  -1.2232309675677722E-005
   5.4646094277076340E-002  -1.2565162407186333E-005
   5.5134691299824408E-002  -1.2905224592073123E-005
   5.5625094165377163E-002  -1.3252658368939352E-005
   5.6118362319510603E-002  -1.3608356914418995E-005
   5.6614917919632003E-002  -1.3972797696026058E-005
   5.7114770037352852E-002  -1.4346171647920413E-005
   5.7617927720984091E-002  -1.4728673280163010E-005
   5.8124399995493972E-002  -1.5120500733192072E-005
   5.8634195862466321E-002  -1.5521855832912218E-005
   5.9147324300059104E-002  -1.5932944146400197E-005
   5.9663794262963310E-002  -1.6353975038231257E-005
   6.0183614682362260E-002  -1.6785161727430004E-005
   6.0706794465891167E-002  -1.7226721345049520E-005
   6.1233342497597022E-002  -1.7678874992382696E-005
   6.1763267637898960E-002  -1.8141847799809690E-005
   6.2296578723548789E-002  -1.8615868986285145E-005
   6.2833284567591963E-002  -1.9101171919469203E-005
   6.3373393959328880E-002  -1.9597994176506025E-005
   6.3916915664276527E-002  -2.0106577605453745E-005
   6.4463858424130410E-002  -2.0627168387369451E-005
   6.5014230956726871E-002  -2.1160017099053192E-005
   6.5568041956005810E-002  -2.1705378776454812E-005
   6.6125300091973566E-002  -2.2263512978747042E-005
   6.6686014010666345E-002  -2.2834683853069169E-005
   6.7250192334113848E-002  -2.3419160199944416E-005
   6.7817843660303342E-002  -2.4017215539375353E-005
   6.8388976563143911E-002  -2.4629128177620472E-005
   6.8963599592431299E-002  -2.5255181274656281E-005
   6.9541721273812848E-002  -2.5895662912327989E-005
   7.0123350108752897E-002  -2.6550866163192892E-005
   7.0708494574498570E-002  -2.7221089160060021E-005
   7.1297163124045798E-002  -2.7906635166229590E-005
   7.1889364186105698E-002  -2.8607812646435999E-005
   7.2485106165071436E-002  -2.9324935338498113E-005
   7.3084397440985202E-002  -3.0058322325680079E-005
   7.3687246369505729E-002  -3.0808298109766731E-005
   7.4293661281876019E-002  -3.1575192684856855E-005
   7.4903650484891546E-002  -3.2359341611878013E-005
   7.5517222260868655E-002  -3.3161086093826333E-005
   7.6134384867613356E-002  -3.3980773051734968E-005
   7.6755146538390578E-002  -3.4818755201374815E-005
   7.7379515481893549E-002  -3.5675391130690512E-005
   7.8007499882213699E-002  -3.6551045377975848E-005
   7.8639107898810859E-002  -3.7446088510791660E-005
   7.9274347666483710E-002  -3.8360897205629573E-005
   7.9913227295340714E-002  -3.9295854328325412E-005
   8.0555754870771309E-002  -4.0251349015225322E-005
   8.1201938453417430E-002  -4.1227776755108127E-005
   8.1851786079145464E-002  -4.2225539471867422E-005
   8.2505305759018419E-002  -4.3245045607956448E-005
   8.3162505479268581E-002  -4.4286710208599412E-005
   8.3823393201270344E-002  -4.5350955006772351E-005
   8.4487976861513561E-002  -4.6438208508956843E-005
   8.5156264371577112E-002  -4.7548906081670047E-005
   8.5828263618102862E-002  -4.8683490038774012E-005
   8.6503982462769941E-002  -4.9842409729567652E-005
   8.7183428742269420E-002  -5.1026121627664709E-005
   8.7866610268279202E-002  -5.2235089420660530E-005
   8.8553534662034167E-002  -5.3469783800969725E-005
   8.9244207548240112E-002  -5.4730679210817038E-005
   8.9938635989134749E-002  -5.6018260067092425E-005
   9.0636827657103888E-002  -5.7333019488995312E-005
   9.1338790199195524E-002  -5.8675458258085419E-005
   9.2044531237097063E-002  -6.0046084912448526E-005
   9.2754058367112785E-002  -6.1445415841667367E-005
   9.3467379160141750E-002  -6.2873975382600648E-005
   9.4184501161655984E-002  -6.4332295915972898E-005
   9.4905431891679035E-002  -6.5820917963778114E-005
   9.5630178844764921E-002  -6.7340390287500549E-005
   9.6358749489977316E-002  -6.8891269987154325E-005
   9.7091151270869175E-002  -7.0474122601145873E-005
   9.7827391605462652E-002  -7.2089522206961315E-005
   9.8567477886229424E-002  -7.3738051522681701E-005
   9.9311417480071301E-002  -7.5420302009328874E-005
  0.10005921772830112       -7.7136873974044450E-005
  0.10081088594662417       -7.8888376674104906E-005
  0.10156642942511981       -8.0675428421775265E-005
  0.10232585542822346       -8.2498656690003884E-005
  0.10308917119470894       -8.4358698218960914E-005
  0.10385638393767116       -8.6256199123423502E-005
  0.10462750084450922       -8.8191815001009507E-005
  0.10540252907690965       -9.0166211041262527E-005
  0.10618147577083026       -9.2180062135591311E-005
  0.10696434803648411       -9.4234052988064856E-005
  0.10775115295832391       -9.6328878227066458E-005
  0.10854189759502685       -9.8465242517809071E-005
  0.10933658897947955       -1.0064386067571367E-004
  0.11013523411876362       -1.0286545778065388E-004
  0.11093783999414132       -1.0513076929206824E-004
  0.11174441356104171       -1.0744054116494307E-004
  0.11255496174904708       -1.0979552996666777E-004
  0.11336949146187976       -1.1219650299476511E-004
  0.11418800957738917       -1.1464423839549797E-004
  0.11501052294753937       -1.1713952528335578E-004
  0.11583703839839682       -1.1968316386142187E-004
  0.11666756273011850       -1.2227596554262375E-004
  0.11750210271694042       -1.2491875307186944E-004
  0.11834066510716643       -1.2761236064907049E-004
  0.11918325640062163       -1.3035763332285396E-004
  0.12002988141447052       -1.3315542229030766E-004
  0.12088054661042251       -1.3600659585996978E-004
  0.12173525860619253       -1.3891203487226928E-004
  0.12259402399339539       -1.4187263223762906E-004
  0.12345684933753694       -1.4488929306455200E-004
  0.12432374117800535       -1.4796293478860250E-004
  0.12519470602806276       -1.5109448730228511E-004
  0.12606975037483742       -1.5428489308582293E-004
  0.12694888067931601       -1.5753510733883586E-004
  0.12783210337633630       -1.6084609811292135E-004
  0.12871942487458027       -1.6421884644513918E-004
  0.12961085155656743       -1.6765434649240111E-004
  0.13050638977864848       -1.7115360566676740E-004
  0.13140604587099955       -1.7471764477165234E-004
  0.13230982613761633       -1.7834749813893814E-004
  0.13321773685630892       -1.8204421376700076E-004
  0.13412978427869685       -1.8580885345964804E-004
  0.13504597463020446       -1.8964249296597131E-004
  0.13596631411005652       -1.9354622212111187E-004
  0.13689080889127442       -1.9752114498794440E-004
  0.13781946512067242       -2.0156837999967689E-004
  0.13875228891885433       -2.0568906010336952E-004
  0.13968928638021066       -2.0988433290437374E-004
  0.14063046357291584       -2.1415536081169088E-004
  0.14157582653892598       -2.1850332118425440E-004
  0.14252538129397685       -2.2292940647813348E-004
  0.14347913382758223       -2.2743482439466114E-004
  0.14443709010303257       -2.3202079802948713E-004
  0.14539925605739401       -2.3668856602255680E-004
  0.14636563760150767       -2.4143938270901588E-004
  0.14733624061998923       -2.4627451827104299E-004
  0.14831107097122906       -2.5119525889061100E-004
  0.14929013448739234       -2.5620290690317617E-004
  0.15027343697441975       -2.6129878095229776E-004
  0.15126098421202841       -2.6648421614518789E-004
  0.15225278195371317       -2.7176056420919294E-004
  0.15324883612185039       -2.7712919470765059E-004
  0.15424915444332665       -2.8259150425717937E-004
  0.15525374288041219       -2.8814889747313005E-004
  0.15626260710782439       -2.9380279484593339E-004
  0.15727575277416550       -2.9955463430256956E-004
  0.15829318550192550       -3.0540587136904763E-004
  0.15931491088748545       -3.1135797933382487E-004
  0.16034093450112089       -3.1741244941216665E-004
  0.16137126188700596       -3.2357079091144790E-004
  0.16240589856321747       -3.2983453139739482E-004
  0.16344485002173934       -3.3620521686126751E-004
  0.16448812172846763       -3.4268441188798645E-004
  0.16553571912321552       -3.4927369982519821E-004
  0.16658764761971884       -3.5597468295328502E-004
  0.16764391260564177       -3.6278898265631500E-004
  0.16870451944258300       -3.6971823959393611E-004
  0.16976947346608201       -3.7676411387421044E-004
  0.17083877998562594       -3.8392828522739326E-004
  0.17191244428465635       -3.9121245318065066E-004
  0.17299047162057671       -3.9861833723372261E-004
  0.17407286722476004       -4.0614767703552686E-004
  0.17515963630255660       -4.1380223256170249E-004
  0.17625078403330244       -4.2158378429309906E-004
  0.17734631557032762       -4.2949413339520313E-004
  0.17844623604096532       -4.3753510189850858E-004
  0.17955055054656086       -4.4570853287982681E-004
  0.18065926416248104       -4.5401629064453558E-004
  0.18177238193812412       -4.6246026090977099E-004
  0.18288990889692969       -4.7104235098855676E-004
  0.18401185003638904       -4.7976448997487218E-004
  0.18513821032805597       -4.8862862892966145E-004
  0.18626899471755748       -4.9763674106777635E-004
  0.18740420812460523       -5.0679082194586057E-004
  0.18854385544300697       -5.1609288965116882E-004
  0.18968794154067847       -5.2554498499132176E-004
  0.19083647118023001       -5.3514917101681416E-004
  0.19198944795142775       -5.4490752408232676E-004
  0.19314687612144485       -5.5482214939259861E-004
  0.19430876043747747       -5.6489517982746199E-004
  0.19547510562083983       -5.7512877193086726E-004
  0.19664591636697798       -5.8552510610589159E-004
  0.19782119734548381       -5.9608638681067476E-004
  0.19900095320010955       -6.0681484275527909E-004
  0.20018518854878242       -6.1771272709947294E-004
  0.20137390798361948       -6.2878231765143644E-004
  0.20256711607094299       -6.4002591706739025E-004
  0.20376481735129587       -6.5144585305214222E-004
  0.20496701633945755       -6.6304447856055501E-004
  0.20617371752446009       -6.7482417199993001E-004
  0.20738492536960462       -6.8678733743330960E-004
  0.20860064431247791       -6.9893640478369218E-004
  0.20982087876496941       -7.1127383003916230E-004
  0.21104563311328856       -7.2380209545893357E-004
  0.21227491171798213       -7.3652370978029963E-004
  0.21350871891395229       -7.4944120842649839E-004
  0.21474705901047450       -7.6255715371548085E-004
  0.21598993629121604       -7.7587413506958851E-004
  0.21723735501425454       -7.8939476922613137E-004
  0.21848931941209693       -8.0312170044887410E-004
  0.21974583369169884       -8.1705760074042024E-004
  0.22100690203448378       -8.3120517005549508E-004
  0.22227252859636321       -8.4556713651512936E-004
  0.22354271750775634       -8.6014625662173547E-004
  0.22481747287361067       -8.7494531547508011E-004
  0.22609679877342242       -8.8996712698914855E-004
  0.22738069926125745       -9.0521453410989661E-004
  0.22866917836577236       -9.2069040903389480E-004
  0.22996224009023597       -9.3639765342785702E-004
  0.23125988841255093       -9.5233919864905051E-004
  0.23256212523286984       -9.6851798032451602E-004
  0.23386894969248201       -9.8493692852250850E-004
  0.23518036533242953       -1.0015990574692658E-003
  0.23649637596744605       -1.0185074155744038E-003
  0.23781698538685164       -1.0356650819586955E-003
  0.23914219735457704       -1.0530751666781874E-003
  0.24047201560918752       -1.0707408109491574E-003
  0.24180644386390779       -1.0886651873739345E-003
  0.24314548580664652       -1.1068515001675537E-003
  0.24448914510002148       -1.1253029853852616E-003
  0.24583742538138498       -1.1440229111508620E-003
  0.24719033026284920       -1.1630145778858977E-003
  0.24854786333131212       -1.1822813185396709E-003
  0.24991002814848379       -1.2018264988200977E-003
  0.25127682825091247       -1.2216535174253925E-003
  0.25264826715001132       -1.2417658062765769E-003
  0.25402434833208515       -1.2621668307508196E-003
  0.25540507525835798       -1.2828600899155993E-003
  0.25679045136499973       -1.3038491167636755E-003
  0.25818048006315447       -1.3251374784488935E-003
  0.25957516473896797       -1.3467287765227883E-003
  0.26097450875361605       -1.3686266471720104E-003
  0.26237851544333279       -1.3908347614565500E-003
  0.26378718811943913       -1.4133568255487703E-003
  0.26520053006837208       -1.4361965809732463E-003
  0.26661854455171352       -1.4593578048473961E-003
  0.26804123480621983       -1.4828443101229112E-003
  0.26946860404385131       -1.5066599458279767E-003
  0.27090065545180225       -1.5308085973102842E-003
  0.27233739219253084       -1.5552941864808258E-003
  0.27377881740378990       -1.5801206720584796E-003
  0.27522493419865707       -1.6052920498153616E-003
  0.27667574468503175       -1.6308123354842508E-003
  0.27813125003315353       -1.6566855652969243E-003
  0.27959145315892714       -1.6829158438112677E-003
  0.28105635705334636       -1.7095073153245691E-003
  0.28252596468283603       -1.7364641623776299E-003
  0.28400027898928459       -1.7637906060040073E-003
  0.28547930289007661       -1.7914909059800037E-003
  0.28696303927812555       -1.8195693610753940E-003
  0.28845149102190687       -1.8480303093049019E-003
  0.28994466096549115       -1.8768781281804073E-003
  0.29144255192857765       -1.9061172349638907E-003
  0.29294516670652815       -1.9357520869211092E-003
  0.29445250807040080       -1.9657871815759952E-003
  0.29596457876698429       -1.9962270569657782E-003
  0.29748138151883241       -2.0270762918968292E-003
  0.29900291902429837       -2.0583395062012100E-003
  0.30052919395757016       -2.0900213609939518E-003
  0.30206020896870522       -2.1221265589310176E-003
  0.30359596668366579       -2.1546598444679849E-003
  0.30513646970435482       -2.1876260041194286E-003
  0.30668172060865129       -2.2210298667189815E-003
  0.30823172195044640       -2.2548763036801056E-003
  0.30978647625967975       -2.2891702292575414E-003
  0.31134598604237579       -2.3239166008094400E-003
  0.31291025378068033       -2.3591204190601782E-003
  0.31447928193289759       -2.3947867283638474E-003
  0.31605307293352702       -2.4309206169684074E-003
  0.31763162919330085       -2.4675272172805201E-003
  0.31921495309922127       -2.5046117061310299E-003
  0.32080304701459844       -2.5421793050411146E-003
  0.32239591327908829       -2.5802352804890874E-003
  0.32399356386885908       -2.6187851784213912E-003
  0.32559601165560426       -2.6578346220762542E-003
  0.32720325914870813       -2.6973890351288158E-003
  0.32881530874325837       -2.7374538854860334E-003
  0.33043216281114318       -2.7780346877484467E-003
  0.33205382370108855       -2.8191370034862761E-003
  0.33368029373869573       -2.8607664415161924E-003
  0.33531157522647920       -2.9029286581787597E-003
  0.33694767044390422       -2.9456293576165353E-003
  0.33858858164742534       -2.9888742920528384E-003
  0.34023431107052426       -3.0326692620711603E-003
  0.34188486092374876       -3.0770201168952437E-003
  0.34354023339475109       -3.1219327546697919E-003
  0.34520043064832701       -3.1674131227418332E-003
  0.34686545482645492       -3.2134672179427171E-003
  0.34853530804833499       -3.2601010868707407E-003
  0.35020999241042861       -3.3073208261744113E-003
  0.35188950998649826       -3.3551325828363350E-003
  0.35357386282764713       -3.4035425544577127E-003
  0.35526305296235916       -3.4525569895434613E-003
  0.35695708239653939       -3.5021821877879527E-003
  0.35865595311355430       -3.5524245003613433E-003
  0.36035966707427231       -3.6032903301965154E-003
  0.36206822621710455       -3.6547861322766113E-003
  0.36378163245804596       -3.7069184139231662E-003
  0.36549988769071629       -3.7596937350848269E-003
  0.36722299378640122       -3.8131187086266390E-003
  0.36895095259409438       -3.8672000006199463E-003
  0.37068376594053831       -3.9219443306328233E-003
  0.37242143563026686       -3.9773584720211091E-003
  0.37416396447862882       -4.0334492856263122E-003
  0.37591136588117552       -4.0902240339984776E-003
  0.37766364398404778       -4.1476897445449088E-003
  0.37942080060602501       -4.2058534261000370E-003
  0.38118283754403687       -4.2647221430889238E-003
  0.38294975657320457       -4.3243030158259818E-003
  0.38472155944688280       -4.3846032208142765E-003
  0.38649824789670156       -4.4456299910453747E-003
  0.38827982363260838       -4.5073906162997760E-003
  0.39006628834291029       -4.5698924434478894E-003
  0.39185764369431692       -4.6331428767515731E-003
  0.39365389133198220       -4.6971493781661957E-003
  0.39545503287954797       -4.7619194676432781E-003
  0.39726106993918631       -4.8274607234336363E-003
  0.39907200409164295       -4.8937807823910854E-003
  0.40088783689628027       -4.9608873402766495E-003
  0.40270856989112108       -5.0287881520633152E-003
  0.40453420459289169       -5.0974910322412791E-003
  0.40636474249706583       -5.1670038551237234E-003
  0.40820018507790873       -5.2373345551531125E-003
  0.41004053378852068       -5.3084911272079536E-003
  0.41188579006088172       -5.3804816269101005E-003
  0.41373595530589535       -5.4533141709325128E-003
  0.41559103091343363       -5.5269969373075347E-003
  0.41745101825238135       -5.6015381657356297E-003
  0.41931591867068091       -5.6769461578946110E-003
  0.42118573349537725       -5.7532292777493395E-003
  0.42306046403266295       -5.8303959518618900E-003
  0.42494011156792350       -5.9084546697021839E-003
  0.42682467736578228       -5.9874139839590649E-003
  0.42871416179002997       -6.0672824734848869E-003
  0.43060854962748352       -6.1480681133293212E-003
  0.43250783345498311       -6.2297792552965308E-003
  0.43441201429041398       -6.3124246710923272E-003
  0.43632109313094863       -6.3960131965277419E-003
  0.43823507095309555       -6.4805537318246738E-003
  0.44015394871274738       -6.5660552419219064E-003
  0.44207772734522938       -6.6525267567814558E-003
  0.44400640776534805       -6.7399773716952998E-003
  0.44593999086744002       -6.8284162475924400E-003
  0.44787847752542065       -6.9178526113463116E-003
  0.44982186859283313       -7.0082957560825103E-003
  0.45177016490289795       -7.0997550414868982E-003
  0.45372336726856172       -7.1922398941139777E-003
  0.45568147648254670       -7.2857598076956232E-003
  0.45764449331740059       -7.3803243434501292E-003
  0.45961241852554574       -7.4759431303915323E-003
  0.46158525283932927       -7.5726258656392941E-003
  0.46356299697107289       -7.6703823147282295E-003
  0.46554565161312278       -7.7692223119187696E-003
  0.46753321743789999       -7.8691557605074878E-003
  0.46952569509795050       -7.9701926331379180E-003
  0.47152308522599568       -8.0723429721116600E-003
  0.47352538843498271       -8.1756168896997359E-003
  0.47553260531813546       -8.2800245684542424E-003
  0.47754473644900491       -8.3855762615202365E-003
  0.47956178238152031       -8.4922822929479024E-003
  0.48158374365003981       -8.6001530580049439E-003
  0.48361062076940187       -8.7091990234892617E-003
  0.48564241330913532       -8.8194306776010652E-003
  0.48767910257686514       -8.9308575767779990E-003
  0.48972067807069963       -9.0434897693925584E-003
  0.49176714004549821       -9.1573379578882286E-003
  0.49381848873672368       -9.2724129168870618E-003
  0.49587472436049618       -9.3887254934935365E-003
  0.49793584711364763       -9.5062866075986251E-003
  0.50000185717377554       -9.6251072521839169E-003
  0.50207275469929757       -9.7451984936259388E-003
  0.50414853982950592       -9.8665714720005699E-003
  0.50622921268462184       -9.9892374013875913E-003
  0.50831477336585029       -1.0113207570175345E-002
  0.51040522195543481       -1.0238493341365526E-002
  0.51250055851671172       -1.0365106152878010E-002
  0.51460078309416624       -1.0493057517855916E-002
  0.51670589571348591       -1.0622359024970584E-002
  0.51881589638161729       -1.0753022338726831E-002
  0.52093078508682011       -1.0885059199768128E-002
  0.52305056179872289       -1.1018481425181957E-002
  0.52517522646837866       -1.1153300908805243E-002
  0.52730477902831963       -1.1289529621529744E-002
  0.52943921939261351       -1.1427179611607654E-002
  0.53157854745691913       -1.1566263004957181E-002
  0.53372276309854150       -1.1706792005468142E-002
  0.53587186617648830       -1.1848778895307704E-002
  0.53802585653152568       -1.1992236035226091E-002
  0.54018473398623390       -1.2137175864862348E-002
  0.54234849834506416       -1.2283610903050170E-002
  0.54451714807938445       -1.2431553658057032E-002
  0.54669065945471740       -1.2581015183246488E-002
  0.54886902041866537       -1.2732007374450082E-002
  0.55105223050371155       -1.2884542995096143E-002
  0.55324028922441371       -1.3038634888126106E-002
  0.55543319607746311       -1.3194295976288050E-002
  0.55763095054174405       -1.3351539262430196E-002
  0.55983355207839280       -1.3510377829794269E-002
  0.56204100013085667       -1.3670824842308792E-002
  0.56425329412495395       -1.3832893544882343E-002
  0.56647043346893244       -1.3996597263696597E-002
  0.56869241755352984       -1.4161949406499428E-002
  0.57091924575203246       -1.4328963462897746E-002
  0.57315091742033553       -1.4497653004650354E-002
  0.57538743189700214       -1.4668031685960585E-002
  0.57762878850332366       -1.4840113243768910E-002
  0.57987498654337899       -1.5013911498045342E-002
  0.58212602530409474       -1.5189440352081767E-002
  0.58438190405530510       -1.5366713792784127E-002
  0.58664262204981132       -1.5545745890964391E-002
  0.58890817852344246       -1.5726550801632513E-002
  0.59117857269511520       -1.5909142764288155E-002
  0.59345380376689361       -1.6093536103212226E-002
  0.59573387092404961       -1.6279745227758338E-002
  0.59801877333512332       -1.6467784632644047E-002
  0.60030851015198328       -1.6657668898241964E-002
  0.60260308050988665       -1.6849412690870629E-002
  0.60490248208538311       -1.7043030641187680E-002
  0.60720668745898931       -1.7238535326639194E-002
  0.60951568203100526       -1.7435940444194265E-002
  0.61182946465904731       -1.7635260906642049E-002
  0.61414803418441299       -1.7836511712651458E-002
  0.61647138943214363       -1.8039707947046568E-002
  0.61879952921108805       -1.8244864781081890E-002
  0.62113245231396530       -1.8451997472717210E-002
  0.62347015751742885       -1.8661121366892353E-002
  0.62581264358212918       -1.8872251895801412E-002
  0.62815990925277787       -1.9085404579166909E-002
  0.63051195325821074       -1.9300595024513471E-002
  0.63286877431145117       -1.9517838927441321E-002
  0.63523037110977409       -1.9737152071899421E-002
  0.63759674233476937       -1.9958550330458315E-002
  0.63996788665240500       -2.0182049664582591E-002
  0.64234380271309133       -2.0407666124903134E-002
  0.64472448915174452       -2.0635415851488977E-002
  0.64710994458784987       -2.0865315074118811E-002
  0.64950016762552587       -2.1097380112552206E-002
  0.65189515685358801       -2.1331627376800496E-002
  0.65429491084561231       -2.1568073367397283E-002
  0.65669942815999871       -2.1806734675668557E-002
  0.65910870734003568       -2.2047627984002619E-002
  0.66152274691396362       -2.2290770066119514E-002
  0.66394154539503836       -2.2536177787340080E-002
  0.66636510083365197       -2.2783868058907489E-002
  0.66879338757659190       -2.3033855435274479E-002
  0.67122638384487376       -2.3286154895329297E-002
  0.67366408787986076       -2.3540783549017331E-002
  0.67610649790831068       -2.3797758597446077E-002
  0.67855361214244292       -2.4057097333136664E-002
  0.68100542878000470       -2.4318817140274757E-002
  0.68346194600433774       -2.4582935494961128E-002
  0.68592316198444481       -2.4849469965461678E-002
  0.68838907487505618       -2.5118438212457076E-002
  0.69085968281669630       -2.5389857989291865E-002
  0.69333498393575010       -2.5663747142223161E-002
  0.69581497634452982       -2.5940123610668806E-002
  0.69829965814134143       -2.6219005427455144E-002
  0.70078902741055105       -2.6500410719064230E-002
  0.70328308222265146       -2.6784357705880564E-002
  0.70578182063432904       -2.7070864702437466E-002
  0.70828524068852994       -2.7359950117662766E-002
  0.71079334041452613       -2.7651632455124087E-002
  0.71330611782798314       -2.7945930313273783E-002
  0.71582357093102522       -2.8242862385693058E-002
  0.71834569771230272       -2.8542447461335930E-002
  0.72087249614705839       -2.8844704424772414E-002
  0.72340396419719333       -2.9149652256431371E-002
  0.72594009981133412       -2.9457310032842746E-002
  0.72848090092489870       -2.9767696926879344E-002
  0.73102635797587112       -3.0080831284089990E-002
  0.73357644375688191       -3.0396729329167940E-002
  0.73613115406346896       -3.0715410177576476E-002
  0.73869048662579562       -3.1036893279344741E-002
  0.74125443916124156       -3.1361198180557492E-002
  0.74382300937447032       -3.1688344523581720E-002
  0.74639619495749854       -3.2018352047292954E-002
  0.74897399358976313       -3.2351240587300718E-002
  0.75155640293818970       -3.2687030076173483E-002
  0.75414342065726059       -3.3025740543663168E-002
  0.75673504438908312       -3.3367392116928921E-002
  0.75933127176345683       -3.3712005020760279E-002
  0.76193210039794246       -3.4059599577799929E-002
  0.76453752789792917       -3.4410196208765696E-002
  0.76714755185670247       -3.4763815432671964E-002
  0.76976216985551238       -3.5120477867050588E-002
  0.77238137946364105       -3.5480204228171164E-002
  0.77500517823847059       -3.5843015331260657E-002
  0.77763356372555059       -3.6208932090722422E-002
  0.78026653345866637       -3.6577975520354793E-002
  0.78290408495990593       -3.6950166733568754E-002
  0.78554621573972783       -3.7325526943605289E-002
  0.78819292329702928       -3.7704077463751991E-002
  0.79084420511921294       -3.8085839707559056E-002
  0.79350005868225459       -3.8470835189054663E-002
  0.79616047014803271       -3.8859083867964092E-002
  0.79882541318148426       -3.9250603920065449E-002
  0.80149488369790300       -3.9645416831482420E-002
  0.80416887897743827       -4.0043544388121050E-002
  0.80684739628928714       -4.0445008475751908E-002
  0.80953043289176219       -4.0849831080209197E-002
  0.81221798603236173       -4.1258034287589562E-002
  0.81491005294783758       -4.1669640284449840E-002
  0.81760663086426466       -4.2084671358004443E-002
  0.82030771699710892       -4.2503149896321889E-002
  0.82301330855129684       -4.2925098388520815E-002
  0.82572340272128331       -4.3350539424965182E-002
  0.82843799669112073       -4.3779495697458926E-002
  0.83115708763452700       -4.4211989999439830E-002
  0.83388067271495436       -4.4648045226172862E-002
  0.83660874908565752       -4.5087684374942739E-002
  0.83934131388976208       -4.5530930545245832E-002
  0.84207836426033222       -4.5977806938981333E-002
  0.84481989732043972       -4.6428336860642010E-002
  0.84756591018323124       -4.6882543717503916E-002
  0.85031639995199693       -4.7340451019815717E-002
  0.85307136372023795       -4.7802082380987189E-002
  0.85583079857173461       -4.8267461517777110E-002
  0.85859470158061402       -4.8736612250480371E-002
  0.86136306630230686       -4.9209557901689453E-002
  0.86413584345747718       -4.9686314495258628E-002
  0.86691301516749131       -5.0166903406170082E-002
  0.86969457821945773       -5.0651348609528128E-002
  0.87248052939147580       -5.1139674181750659E-002
  0.87527086545270705       -5.1631904300731016E-002
  0.87806558316344441       -5.2128063245998842E-002
  0.88086467927518208       -5.2628175398880296E-002
  0.88366815053068604       -5.3132265242657663E-002
  0.88647599366406338       -5.3640357362728090E-002
  0.88928820540083175       -5.4152476446761584E-002
  0.89210478245798974       -5.4668647284858506E-002
  0.89492572154408589       -5.5188894769706086E-002
  0.89775101935928769       -5.5713243896734238E-002
  0.90058067259545171       -5.6241719764270844E-002
  0.90341467793619246       -5.6774347573696163E-002
  0.90625303205695107       -5.7311152629596435E-002
  0.90909573162506518       -5.7852160339917108E-002
  0.91194277329983686       -5.8397396216114741E-002
  0.91479415373260264       -5.8946885873308950E-002
  0.91764986956680084       -5.9500655030432913E-002
  0.92050991743804123       -6.0058729510383609E-002
  0.92337429397417314       -6.0621135240171195E-002
  0.92624299579535396       -6.1187898251067664E-002
  0.92911601473605054       -6.1759043725949599E-002
  0.93199329951716925       -6.2334588279420067E-002
  0.93487484170922475       -6.2914557045107303E-002
  0.93776063769615259       -6.3498976213894998E-002
  0.94065068385486295       -6.4087872078714705E-002
  0.94354497655530933       -6.4681271034671639E-002
  0.94644351216055933       -6.5279199579170208E-002
  0.94934628702686374       -6.5881684312038405E-002
  0.95225329750372700       -6.6488751935651874E-002
  0.95516453993397599       -6.7100429255056951E-002
  0.95808001065382931       -6.7716743178092897E-002
  0.96099970599296736       -6.8337720715513778E-002
  0.96392362227460038       -6.8963388981109167E-002
  0.96685175581553828       -6.9593775191824553E-002
  0.96978410292625961       -7.0228906667880786E-002
  0.97272065991097900       -7.0868810832892509E-002
  0.97566142306771764       -7.1513515213986675E-002
  0.97860638868837058       -7.2163047441919509E-002
  0.98155555305877495       -7.2817435251193136E-002
  0.98450891245877936       -7.3476706480171614E-002
  0.98746646316231057       -7.4140889071195912E-002
  0.99042820143744270       -7.4810011070698443E-002
  0.99339412354646439       -7.5484100629316875E-002
  0.99636422576386041       -7.6163186006114963E-002
  0.99933850482552988       -7.6847295672434507E-002
   1.0023169573024440       -7.7536458169852093E-002
   1.0052995794371977       -7.8230702071043809E-002
   1.0082863674669325       -7.8930056053493167E-002
   1.0112773176234033       -7.9634548899601088E-002
   1.0142724261330467       -8.0344209496794883E-002
   1.0172716892170459       -8.1059066837636737E-002
   1.0202751030913979       -8.1779150019931066E-002
   1.0232826639669812       -8.2504488246832042E-002
   1.0262943680496202       -8.3235110826949579E-002
   1.0293102115401529       -8.3971047174454999E-002
   1.0323301906344959       -8.4712326809186070E-002
   1.0353543015237112       -8.5458979356751230E-002
   1.0383825403940716       -8.6211034548633325E-002
   1.0414149034271263       -8.6968522222292330E-002
   1.0444513867997660       -8.7731472321267795E-002
   1.0474919866842891       -8.8499914895280335E-002
   1.0505366992484664       -8.9273880100332631E-002
   1.0535855206556062       -9.0053398198809753E-002
   1.0566384470646195       -9.0838499559578623E-002
   1.0596954746300840       -9.1629214658086988E-002
   1.0627565995023098       -9.2425574076462028E-002
   1.0658218178274030       -9.3227608503607479E-002
   1.0688911148107099       -9.4035345848864207E-002
   1.0719644532161052       -9.4848808106182875E-002
   1.0750418265492054       -9.5668025380609242E-002
   1.0781232307936903       -9.6493028532963099E-002
   1.0812086619296710       -9.7323848528695675E-002
   1.0842981159337555       -9.8160516437969692E-002
   1.0873915887791130       -9.9003063435738753E-002
   1.0904890764355388       -9.9851520801825994E-002
   1.0935905748695189      -0.10070591992100249     
   1.0966960800442938      -0.10156629228306435     
   1.0998055879199233      -0.10243266948291013     
   1.1029190944533502      -0.10330508322061664     
   1.1060365955984646      -0.10418356530151505     
   1.1091580873061664      -0.10506814763626555     
   1.1122835655244308      -0.10595886224093232     
   1.1154130261983690      -0.10685574123705667     
   1.1185464652702946      -0.10775881685173112     
   1.1216838786797838      -0.10866812141767157     
   1.1248252623637398      -0.10958368737328943     
   1.1279706122564552      -0.11050554726276332     
   1.1311199242896746      -0.11143373373610989     
   1.1342731943926563      -0.11236827954925410     
   1.1374304184922361      -0.11330921756409926     
   1.1405915802039770      -0.11425657704953120     
   1.1437565496702564      -0.11521035300862188     
   1.1469253074947923      -0.11617057327264389     
   1.1500978491553484      -0.11713727021586286     
   1.1532741701287137      -0.11811047631005765     
   1.1564542658907677      -0.11909022412454598     
   1.1596381319165450      -0.12007654632620866     
   1.1628257636802994      -0.12106947567951393     
   1.1660171566555699      -0.12206904504654134     
   1.1692123063152426      -0.12307528738700441     
   1.1724112081316165      -0.12408823575827362     
   1.1756138575764659      -0.12510792331539836     
   1.1788202501211054      -0.12613438331112889     
   1.1820303812364517      -0.12716764909593711     
   1.1852442463930881      -0.12820775411803767     
   1.1884618410613268      -0.12925473192340800     
   1.1916831607112717      -0.13030861615580810     
   1.1949082008128804      -0.13136944055679975     
   1.1981369568360283      -0.13243723896576579     
   1.2013694242505681      -0.13351204531992786     
   1.2046055985263946      -0.13459389365436508     
   1.2078454751335039      -0.13568281810203109     
   1.2110890431883652      -0.13677885074103788     
   1.2143361796334129      -0.13788198549063405     
   1.2175868182580332      -0.13899223496970625     
   1.2208409540486003      -0.14010963250731545     
   1.2240985819934491      -0.14123421151969451     
   1.2273596970829388      -0.14236600551022002     
   1.2306242943095165      -0.14350504806938369     
   1.2338923686677810      -0.14465137287476365     
   1.2371639151545455      -0.14580501369099524     
   1.2404389287689017      -0.14696600436974161     
   1.2437174045122821      -0.14813437884966438     
   1.2469993373885220      -0.14931017115639308     
   1.2502847224039226      -0.15049341540249542     
   1.2535735545673128      -0.15168414578744641     
   1.2568658288901107      -0.15288239659759778     
   1.2601615403863859      -0.15408820220614719     
   1.2634606840729203      -0.15530159707310640     
   1.2667632549692687      -0.15652261574526999     
   1.2700692480978206      -0.15775129285618378     
   1.2733786584838602      -0.15898766312611279     
   1.2766914811556269      -0.16023176136200876     
   1.2800077111443748      -0.16148362245747783     
   1.2833272508451454      -0.16274324614900307     
   1.2866499650550607      -0.16401061714952700     
   1.2899758441499756      -0.16528576749362181     
   1.2933048826488653      -0.16656873085541643     
   1.2966370750761085      -0.16785954098247460     
   1.2999724159615478      -0.16915823169571922     
   1.3033108998405523      -0.17046483688935615     
   1.3066525212540769      -0.17177939053079827     
   1.3099972747487245      -0.17310192666058974     
   1.3133451548768047      -0.17443247939232981     
   1.3166961561963944      -0.17577108291259677     
   1.3200502732713979      -0.17711777148087265     
   1.3234075006716051      -0.17847257942946654     
   1.3267678329727517      -0.17983554116343947     
   1.3301312647565771      -0.18120669116052829     
   1.3334977906108831      -0.18258606397107005     
   1.3368674051295923      -0.18397369421792636     
   1.3402401029128053      -0.18536961659640780     
   1.3436158785668586      -0.18677386587419861     
   1.3469947267043823      -0.18818647689128112     
   1.3503765982920730      -0.18960746617210333     
   1.3537612739211575      -0.19103677781345629     
   1.3571487287762611      -0.19247443695663086     
   1.3605389569360857      -0.19392047671456383     
   1.3639319524886981      -0.19537493025664335     
   1.3673277095315861      -0.19683783080859610     
   1.3707262221717158      -0.19830921165237586     
   1.3741274845255871      -0.19978910612605208     
   1.3775314907192904      -0.20127754762369890     
   1.3809382348885613      -0.20277456959528442     
   1.3843477111788358      -0.20428020554656079     
   1.3877599137453063      -0.20579448903895464     
   1.3911748367529733      -0.20731745368945703     
   1.3945924743767022      -0.20884913317051571     
   1.3980128208012752      -0.21038956120992588     
   1.4014358702214456      -0.21193877159072305     
   1.4048616168419894      -0.21349679815107486     
   1.4082900548777595      -0.21506367478417454     
   1.4117211785537362      -0.21663943543813444     
   1.4151549622278561      -0.21822410492037203     
   1.4185911521753773      -0.21981760188182273     
   1.4220296731403490      -0.22141992615074715     
   1.4254705188106229      -0.22303110932541864     
   1.4289136828881281      -0.22465118304058718     
   1.4323591590889198      -0.22628017896735039     
   1.4358069411432275      -0.22791812881302395     
   1.4392570227955037      -0.22956506432101426     
   1.4427093978044712      -0.23122101727069139     
   1.4461640599431702      -0.23288601947726303     
   1.4496210029990055      -0.23456010279164949     
   1.4530802207737918      -0.23624329910035907     
   1.4565417070838009      -0.23793564032536554     
   1.4600054557598063      -0.23963715842398522     
   1.4634714606471289      -0.24134788538875612     
   1.4669397156056800      -0.24306785324731692     
   1.4704102145100071      -0.24479709406228767     
   1.4738829512493374      -0.24653563993115205     
   1.4773579037524478      -0.24828351493181705     
   1.4808347974741518      -0.25004061512594800     
   1.4843135012372519      -0.25180690700773928     
   1.4877940084238512      -0.25358241958071581     
   1.4912763124357868      -0.25536718186259294     
   1.4947604066946660      -0.25716122288515869     
   1.4982462846419007      -0.25896457169415588     
   1.5017339397387413      -0.26077725734916679     
   1.5052233654663123      -0.26259930892349953     
   1.5087145553256449      -0.26443075550407463     
   1.5122075028377080      -0.26627162619131356     
   1.5157022015434438      -0.26812195009903012     
   1.5191986450037969      -0.26998175635432070     
   1.5226968267997472      -0.27185107409745879     
   1.5261967405323393      -0.27372993248178862     
   1.5296983798227139      -0.27561836067362167     
   1.5332017383121368      -0.27751638785213451     
   1.5367067872598137      -0.27942403098888074     
   1.5402131830607793      -0.28134113429081237     
   1.5437207833437272      -0.28326764937100490     
   1.5472295813259589      -0.28520360144542095     
   1.5507395702513249      -0.28714901572081913     
   1.5542507433902402      -0.28910391739468805     
   1.5577630940396943      -0.29106833165517931     
   1.5612766155232651      -0.29304228368104596     
   1.5647913011911299      -0.29502579864158007     
   1.5683071444200751      -0.29701890169655426     
   1.5718241386135083      -0.29902161799616417     
   1.5753422772014651      -0.30103397268097282     
   1.5788615536406208      -0.30305599088185819     
   1.5823819614142958      -0.30508769771996114     
   1.5859034940324663      -0.30712911830663675     
   1.5894261450317684      -0.30918027774340634     
   1.5929498588785245      -0.31124117234322429     
   1.5964741353365259      -0.31331153606181317     
   1.5999989156609231      -0.31539135876567836     
   1.6035241931309199      -0.31748066062900893     
   1.6070499610604130      -0.31957946179431357     
   1.6105762127979706      -0.32168778237245788     
   1.6141029417268067      -0.32380564244270227     
   1.6176301412647596      -0.32593306205274442     
   1.6211578048642652      -0.32807006121876237     
   1.6246859260123332      -0.33021665992546118     
   1.6282144982305184      -0.33237287812612037     
   1.6317435150748960      -0.33453873574264570     
   1.6352729701360333      -0.33671425266562210     
   1.6388028570389606      -0.33889944875436856     
   1.6423331694431431      -0.34109434383699633     
   1.6458635992352821      -0.34329876885511917     
   1.6493937460267636      -0.34551249346405921     
   1.6529235932174395      -0.34773552523010803     
   1.6564531344945179      -0.34996787805119789     
   1.6599823635894189      -0.35220956577499007     
   1.6635112742776965      -0.35446060219907699     
   1.6670398603789582      -0.35672100107118659     
   1.6705681157567833      -0.35899077608938906     
   1.6740960343186440      -0.36126994090230707     
   1.6776236100158204      -0.36355850910932619     
   1.6811508368433199      -0.36585649426080968     
   1.6846777088397911      -0.36816390985831327     
   1.6882042200874425      -0.37048076935480517     
   1.6917302911813861      -0.37280703754303229     
   1.6952552330634942      -0.37514227359764418     
   1.6987789724841886      -0.37748643958019390     
   1.7023015039818830      -0.37983954208267490     
   1.7058228221500553      -0.38220158763556045     
   1.7093429216370843      -0.38457258270823214     
   1.7128617971460840      -0.38695253370940985     
   1.7163794434347375      -0.38934144698758244     
   1.7198958553151316      -0.39173932883144186     
   1.7234110276535883      -0.39414618547031616     
   1.7269249553704982      -0.39656202307460597     
   1.7304376334401512      -0.39898684775622156     
   1.7339490212007225      -0.40142064078171641     
   1.7374585039057264      -0.40386298259194681     
   1.7409657884583625      -0.40631367186037348     
   1.7444708708858492      -0.40877270714220298     
   1.7479737472820021      -0.41124008693149061     
   1.7514744138069442      -0.41371580966184063     
   1.7549728666868185      -0.41619987370710748     
   1.7584691022134973      -0.41869227738209563     
   1.7619631167442942      -0.42119301894325906     
   1.7654549067016723      -0.42370209658939950     
   1.7689444685729543      -0.42621950846236495     
   1.7724317989100320      -0.42874525264774715     
   1.7759163927166512      -0.43127896172772157     
   1.7793977355775086      -0.43382025555566278     
   1.7828758245943745      -0.43636912361187385     
   1.7863506581116140      -0.43892555617634871     
   1.7898222345507047      -0.44148954348430519     
   1.7932905524097820      -0.44406107572716119     
   1.7967556102631794      -0.44664014305350286     
   1.8002174067609755      -0.44922673557005416     
   1.8036759406285354      -0.45182084334263700     
   1.8071312106660566      -0.45442245639713136     
   1.8105829828521756      -0.45703138835607199     
   1.8140305244816319      -0.45964707098171903     
   1.8174737812031496      -0.46226944509720308     
   1.8209127542940515      -0.46489849341078843     
   1.8243474451170334      -0.46753419861675488     
   1.8277778551195039      -0.47017654339658616     
   1.8312039858329265      -0.47282551042014748     
   1.8346258388721637      -0.47548108234685477     
   1.8380434159348213      -0.47814324182683593     
   1.8414567048009920      -0.48081196053601749     
   1.8448652120553637      -0.48348683159365458     
   1.8482685718630942      -0.48616754297223491     
   1.8516667886399472      -0.48885407154542154     
   1.8550598668906075      -0.49154639421173346     
   1.8584478112078262      -0.49424448789581871     
   1.8618306262715685      -0.49694832954971430     
   1.8652083168481628      -0.49965789615409062     
   1.8685808877894545      -0.50237316471948157     
   1.8719483432818824      -0.50509411168033547     
   1.8753104712164637      -0.50782053771281055     
   1.8786670672117372      -0.51055224723076709     
   1.8820181378053731      -0.51328921474922695     
   1.8853636896200603      -0.51603141483635795     
   1.8887037293625650      -0.51877882211466941     
   1.8920382638227979      -0.52153141126219404     
   1.8953672998728817      -0.52428915701365175     
   1.8986908444662256      -0.52705203416159829     
   1.9020089055218212      -0.52982001829731040     
   1.9053220071861803      -0.53259351791802978     
   1.9086306636296848      -0.53537293914836670     
   1.9119348789727102      -0.53815826332809280     
   1.9152346574044308      -0.54094947182091646     
   1.9185300031821630      -0.54374654601542616     
   1.9218209206307111      -0.54654946732602228     
   1.9251074141417148      -0.54935821719384026     
   1.9283894881730013      -0.55217277708766244     
   1.9316671472479379      -0.55499312850481985     
   1.9349403959547886      -0.55781925297208401     
   1.9382093072435564      -0.56065119131424046     
   1.9414740112035049      -0.56348903488305746     
   1.9447345184323548      -0.56633277208296040     
   1.9479908332095353      -0.56918238582757452     
   1.9512429598747516      -0.57203785905763882     
   1.9544909028273962      -0.57489917474181451     
   1.9577346665259652      -0.57776631587748606     
   1.9609742554874732      -0.58063926549155098     
   1.9642096742868760      -0.58351800664120324     
   1.9674409275564910      -0.58640252241470503     
   1.9706680223752095      -0.58929279807601898     
   1.9738910662578555      -0.59218890929480361     
   1.9771101449376955      -0.59509091326340380     
   1.9803252627556704      -0.59799879437635417     
   1.9835364241060347      -0.60091253705702341     
   1.9867436334358293      -0.60383212575831802     
   1.9899468952443553      -0.60675754496337442     
   1.9931462140826515      -0.60968877918624653     
   1.9963415945529734      -0.61262581297258367     
   1.9995330413082746      -0.61556863090030012     
   2.0027205590516917      -0.61851721758023803     
   2.0059041525360288      -0.62147155765682072     
   2.0090845468095382      -0.62443230737559619     
   2.0122632762389006      -0.62740088848208964     
   2.0154404310623617      -0.63037738573980762     
   2.0186160113108302      -0.63336180003102538     
   2.0217900170467620      -0.63635413223106041     
   2.0249624483639797      -0.63935438320862570     
   2.0281333053874837      -0.64236255382617113     
   2.0313025882732747      -0.64537864494023578     
   2.0344702972081659      -0.64840265740178837     
   2.0376364324096032      -0.65143459205657162     
   2.0408009941254832      -0.65447444974544544     
   2.0439639826339708      -0.65752223130472554     
   2.0471253982433173      -0.66057793756652239     
   2.0502852412916819      -0.66364156935907992     
   2.0534435121469499      -0.66671312750711109     
   2.0566001916684842      -0.66979259374268363     
   2.0597549260750330      -0.67287962157105774     
   2.0629075379723778      -0.67597403360723163     
   2.0660580287537753      -0.67907582658369314     
   2.0692063998449921      -0.68218499723628934     
   2.0723526527040685      -0.68530154230461349     
   2.0754967888210896      -0.68842545853239845     
   2.0786388097179498      -0.69155674266790002     
   2.0817787169481257      -0.69469539146428438     
   2.0849165120964419      -0.69784140168000564     
   2.0880521967788428      -0.70099477007918676     
   2.0911857726421661      -0.70415549343199735     
   2.0943172413639104      -0.70732356851502454     
   2.0974466046520126      -0.71049899211164702     
   2.1005738642446175      -0.71368176101240177     
   2.1036989935304686      -0.71687184300305085     
   2.1068215270967889      -0.72006875558151406     
   2.1099412558167980      -0.72327227410205219     
   2.1130581830226909      -0.72648239045901786     
   2.1161723120794496      -0.72969909656863285     
   2.1192836463845413      -0.73292238436940349     
   2.1223921893676163      -0.73615224582252714     
   2.1254979444902062      -0.73938867291229682     
   2.1286009152454270      -0.74263165764650207     
   2.1317011051576795      -0.74588119205682291     
   2.1347985177823539      -0.74913726819922399     
   2.1378931567055348      -0.75239987815434173     
   2.1409850255437073      -0.75566901402786701     
   2.1440741279434645      -0.75894466795092608     
   2.1471604639851014      -0.76222682825066890     
   2.1502436386343895      -0.76551506120685564     
   2.1533232905564530      -0.76880896430589785     
   2.1563994255057377      -0.77210852486815140     
   2.1594720492678601      -0.77541373026258975     
   2.1625411676592265      -0.77872456790718236     
   2.1656067865266486      -0.78204102526926245     
   2.1686689117469635      -0.78536308986589110     
   2.1717275492266572      -0.78869074926421656     
   2.1747827049014861      -0.79202399108182320     
   2.1778343847361068      -0.79536280298708140     
   2.1808825947237027      -0.79870717269948521     
   2.1839273408856150      -0.80205708798998820     
   2.1869686292709760      -0.80541253668133106     
   2.1900063753996437      -0.80877340632009043     
   2.1930399133814840      -0.81213893742911913     
   2.1960691871862532      -0.81550904171029870     
   2.1990942055649931      -0.81888370249224207     
   2.2021149772951847      -0.82226290318770967     
   2.2051315111802761      -0.82564662729385885     
   2.2081438160492137      -0.82903485839247992     
   2.2111519007559735      -0.83242758015022522     
   2.2141557741790989      -0.83582477631883256     
   2.2171554452212416      -0.83922643073533898     
   2.2201509228087040      -0.84263252732228899     
   2.2231422158909879      -0.84604305008793401     
   2.2261293334403418      -0.84945798312642273     
   2.2291120629465802      -0.85287705636922773     
   2.2320897953665604      -0.85629954072190462     
   2.2350624987557328      -0.85972536551685896     
   2.2380301854625149      -0.86315451089750317     
   2.2409928678533060      -0.86658695713488265     
   2.2439505583119184      -0.87002268462766763     
   2.2469032692390147      -0.87346167390213980     
   2.2498510130515514      -0.87690390561216813     
   2.2527938021822251      -0.88034936053917789     
   2.2557316490789252      -0.88379801959210602     
   2.2586645662041906      -0.88724986380735327     
   2.2615925660346741      -0.89070487434872514     
   2.2645155852060275      -0.89416294265191265     
   2.2674328640914383      -0.89762313243559477     
   2.2703443279653084      -0.90108531360260125     
   2.2732499934368469      -0.90454946414175375     
   2.2761498771199937      -0.90801556222004298     
   2.2790439956327564      -0.91148358618221492     
   2.2819323655965538      -0.91495351455035312     
   2.2848150036355701      -0.91842532602345328     
   2.2876919263761146      -0.92189899947698284     
   2.2905631504459847      -0.92537451396243331     
   2.2934286924738436      -0.92885184870686877     
   2.2962885690885977      -0.93233098311245710     
   2.2991424428438223      -0.93581146440245522     
   2.3019897229236368      -0.93929252553728082     
   2.3048304024362487      -0.94277410886159552     
   2.3076645029730631      -0.94625619166624053     
   2.3104920461101801      -0.94973875147556808     
   2.3133130534076560      -0.95322176604643516     
   2.3161275464087736      -0.95670521336718695     
   2.3189355466393211      -0.96018907165663248     
   2.3217370756068840      -0.96367331936301392     
   2.3245321548001430      -0.96715793516296711     
   2.3273208056881844      -0.97064289796047332     
   2.3301028057772473      -0.97412788093627889     
   2.3328774364100888      -0.97761193084093001     
   2.3356446694475892      -0.98109495600835595     
   2.3384045322284686      -0.98457693453207917     
   2.3411570520484992      -0.98805784479716263     
   2.3439022561597120      -0.99153766547839028     
   2.3466401717696148      -0.99501637553844047     
   2.3493708260404280      -0.99849395422606324     
   2.3520942460883290       -1.0019703810742449     
   2.3548104589827137       -1.0054456358983788     
   2.3575194917454669       -1.0089196987944229     
   2.3602208321611733       -1.0123918562984875     
   2.3629139578328306       -1.0158613758157364     
   2.3655989010913068       -1.0193282357517153     
   2.3682756958397917       -1.0227924169839866     
   2.3709443759006010       -1.0262539007377922     
   2.3736049750143806       -1.0297126685831715     
   2.3762575268393382       -1.0331687024321001     
   2.3789020649504802       -1.0366219845356139     
   2.3815386228388791       -1.0400724974809588     
   2.3841672339109459       -1.0435202241887249     
   2.3867876329103699       -1.0469647549969470     
   2.3893990677122741       -1.0504050351447329     
   2.3920015251692086       -1.0538409780001157     
   2.3945950466533517       -1.0572725690928251     
   2.3971796734066313       -1.0606997943523608     
   2.3997554465400026       -1.0641226401038060     
   2.4023224070327496       -1.0675410930636657     
   2.4048805957318087       -1.0709551403357211     
   2.4074300533511139       -1.0743647694069034     
   2.4099708204709644       -1.0777699681431885     
   2.4125025367243280       -1.0811701859086931     
   2.4150244932000220       -1.0845643985258329     
   2.4175367004529682       -1.0879525453106778     
   2.4200392082372271       -1.0913346188762139     
   2.4225320661123444       -1.0947106122752699     
   2.4250153234428202       -1.0980805189947707     
   2.4274890293976155       -1.1014443329500525     
   2.4299532329496762       -1.1048020484791996     
   2.4324079828754899       -1.1081536603374316     
   2.4348532818880129       -1.1114991008777915     
   2.4372883705628423       -1.1148372568016356     
   2.4397129091752339       -1.1181675837252016     
   2.4421269570959652       -1.1214900835761825     
   2.4445305734192297       -1.1248047587500021     
   2.4469238169624545       -1.1281116121022505     
   2.4493067462661484       -1.1314106469411853     
   2.4516794195937841       -1.1347018670203035     
   2.4540418949317138       -1.1379852765309904     
   2.4563942299891153       -1.1412608800952366     
   2.4587359101067774       -1.1445278838424402     
   2.4610662913776684       -1.1477853078082274     
   2.4633854285061592       -1.1510331447503808     
   2.4656933911028109       -1.1542714092021038     
   2.4679902483987881       -1.1575001161564631     
   2.4702760692462964       -1.1607192810569262     
   2.4725509221190607       -1.1639289197880205     
   2.4748148751128367       -1.1671290486660975     
   2.4770679959459674       -1.1703196844302250     
   2.4793097965759023       -1.1735000556144564     
   2.4815395805430098       -1.1766690895388541     
   2.4837574053612297       -1.1798267811696292     
   2.4859633522434397       -1.1829731602196958     
   2.4881575018950888       -1.1861082568254029     
   2.4903399345155610       -1.1892321015350533     
   2.4925107297995819       -1.1923447252975914     
   2.4946699669386643       -1.1954461594514652     
   2.4968177071250430       -1.1985364105158363     
   2.4989532795998053       -1.2016144300565423     
   2.5010761815637812       -1.2046794060699857     
   2.5031865069557955       -1.2077313857436338     
   2.5052843490532362       -1.2107704166170730     
   2.5073698004747116       -1.2137965465685043     
   2.5094429531827571       -1.2168098238014902     
   2.5115038984865778       -1.2198102968319360     
   2.5135527270448370       -1.2227980144753143     
   2.5155894486416570       -1.2257729085575888     
   2.5176132683480468       -1.2287337331350199     
   2.5196241215541506       -1.2316803062110444     
   2.5216221114886919       -1.2346126921496758     
   2.5236073405786823       -1.2375309555335137     
   2.5255799104536445       -1.2404351611495155     
   2.5275399219498667       -1.2433253739750709     
   2.5294874751146952       -1.2462016591643761     
   2.5314226692108592       -1.2490640820351051     
   2.5333451118619537       -1.2519119803469101     
   2.5352538003225447       -1.2547437825093450     
   2.5371487867267892       -1.2575594770446017     
   2.5390301915862996       -1.2603591552881941     
   2.5408981343549515       -1.2631429085794783     
   2.5427527334359943       -1.2659108282460012     
   2.5445941061891868       -1.2686630055882715     
   2.5464223689379510       -1.2713995318649338     
   2.5482375292895147       -1.2741203367476004     
   2.5500382025984312       -1.2768232591232329     
   2.5518239941822101       -1.2795076158312038     
   2.5535950517704178       -1.2821735380695891     
   2.5553515216052767       -1.2848211566705692     
   2.5570935484541102       -1.2874506020831664     
   2.5588212756217854       -1.2900620043566033     
   2.5605348449631409       -1.2926554931242635     
   2.5622343083491548       -1.2952310633056119     
   2.5639182184646674       -1.2977864342868304     
   2.5655859531413188       -1.3003205692307149     
   2.5672376954421630       -1.3028336530915583     
   2.5688736263031857       -1.3053258698090537     
   2.5704939245551208       -1.3077974022918244     
   2.5720987669451767       -1.3102484324018511     
   2.5736883281586667       -1.3126791409397671     
   2.5752624822569326       -1.3150892502048492     
   2.5768190110688471       -1.3174752731381536     
   2.5783579120209685       -1.3198371095792201     
   2.5798794158505314       -1.3221750190529229     
   2.5813837501667827       -1.3244892589203279     
   2.5828711394901513       -1.3267800843694073     
   2.5843418052911167       -1.3290477484070249     
   2.5857958079638039       -1.3312922577137487     
   2.5872310071361277       -1.3335102173290387     
   2.5886467379849982       -1.3357005027592963     
   2.5900432998016063       -1.3378634802429299     
   2.5914209870912019       -1.3399995118206827     
   2.5927800896460402       -1.3421089553480634     
   2.5941208926175037       -1.3441921645095238     
   2.5954405491054695       -1.3462446221913582     
   2.5967086717711285       -1.3482188969501441     
   2.5979241266669488       -1.3501129866848487     
   2.5990891836171075       -1.3519302037605923     
   2.6002060127027198       -1.3536737266869385     
   2.6012766886104171       -1.3553466049649601     
   2.6023031948030644       -1.3569517638240474     
   2.6032874275184237       -1.3584920088434345     
   2.6042311996015264       -1.3599700304544879     
   2.6051362441765029       -1.3613884083208525     
   2.6060042181635295       -1.3627496155943799     
   2.6068367056464803       -1.3640560230455567     
   2.6076352210967908       -1.3653099030678577     
   2.6084012124589071       -1.3665134335559959     
   2.6091360641026089       -1.3676687016586226     
   2.6098410996473498       -1.3687777074064424     
   2.6105175846636346       -1.3698423672171101     
   2.6111667292563285       -1.3708645172786322     
   2.6117896905346303       -1.3718459168132371     
   2.6123875749733361       -1.3727882512239753     
   2.6129614406698374       -1.3736931351264448     
   2.6135122995011901       -1.3745621152682612     
   2.6140411191854209       -1.3753966733389771     
   2.6145488252511107       -1.3761982286732792     
   2.6150363029191466       -1.3769681408503673     
   2.6155043989003941       -1.3777077121924628     
   2.6159539231129081       -1.3784181901654438     
   2.6163856503221581       -1.3791007696846063     
   2.6168003217076188       -1.3797565953285629     
   2.6171986463589403       -1.3803867634642748     
   2.6175813027047949       -1.3809923242861986     
   2.6179489398773605       -1.3815742837724772     
   2.6183021790152945       -1.3821336055610902     
   2.6186416145079345       -1.3826712127488188     
   2.6189678151833289       -1.3831879896158052     
   2.6192813254426310       -1.3836847832784851     
   2.6195826663432400       -1.3841624052735366     
   2.6198723366330063       -1.3846216330754912     
   2.6201508137376965       -1.3850632115505246     
   2.6204185547038379       -1.3854878543489377     
   2.6206759970989455       -1.3858962452386949     
   2.6209235598710801       -1.3862890393823850     
   2.6211616441695704       -1.3866668645598512     
   2.6213906341286668       -1.3870303223386728     
   2.6216108976158163       -1.3873799891946288     
   2.6218227869461685       -1.3877164175841779     
   2.6220266395648513       -1.3880401369709308     
   2.6222227786984846       -1.3883516548080141     
   2.6224017546042906       -1.3886359538276876     
   2.6225547702672736       -1.3888790463850171     
   2.6226834819516367       -1.3890835497233265     
   2.6227895443823748       -1.3892520819197736     
   2.6228745990824898       -1.3893872428800651     
   2.6229403307687811       -1.3894917035224130     
   2.6229886374272171       -1.3895684756889639     
   2.6230220757520293       -1.3896216197633073     
   2.6230443467735132       -1.3896570162123170     
   2.6230595172489415       -1.3896811277522971     
   2.6230704746873688       -1.3896985433796218     
   2.6230787973663561       -1.3897117714476530     
   2.6230853492237829       -1.3897221850305117     
   2.6230906198233095       -1.3897305622079570     
   2.6230949033659257       -1.3897373705657365     
   2.6230984027132163       -1.3897429325225499     
   2.6231012679225643       -1.3897474865744914     
   2.6231035583320388       -1.3897511270289740     
   2.6231047850431741       -1.3897530768078625     
   2.6231057099646686       -1.3897545469126253     
   2.6231064696727158       -1.3897557544217409     
   2.6231070875881999       -1.3897567365608330     
   2.6231075847713088       -1.3897575268034912     
   2.6231079799674237       -1.3897581549441682     
   2.6231082898114555       -1.3897586474229269     
   2.6231085290312492       -1.3897590276487171     
   2.6231087104152944       -1.3897593159480333     
   2.6231088450729616       -1.3897595299785341     
   2.6231089427514012       -1.3897596852327252     
   2.6231090116110867       -1.3897597946811922     
   2.6231090585629548       -1.3897598693084603     
   2.6231090892354394       -1.3897599180605946     
   2.6231091082638449       -1.3897599483051419     
   2.6231091192852705       -1.3897599658230591     
   2.6231091251024172       -1.3897599750690768     
   2.6231091277836573       -1.3897599793307522     
   2.6231091287521471       -1.3897599808701107     
   2.6231091290607065       -1.3897599813605479     
   2.6231091290924331       -1.3897599814109756     
